2362 15
15 428 79 310 260 306 11 333 168 350 84 184 392 452 188 232
85 143 397 266 106 470 126 246 277 471 353 166 381 408 247 365 187 60 68 313 274 351 42 439 404 434 435 439 116 464 438 67 454 18 131 392 458 280 403 471 243 192 437 282 13 70 299 129 66 236 354 405 317 176 435 399 231 78 401 133 319 407 83 351 298 268 197 412 441 221 167 128 1 450 340 99 7 159 140 471 263 210 411 347 37 462
32 249 24 23 272 269 62 351 296 118 412 18 84 452 349 86 4 190 284 193 220 309 138 243 239 420 161 372 350 166 225 72 290
14 77 189 451 13 382 147 189 359 101 196 246 277 250 357
78 287 399 231 452 472 352 351 52 19 188 164 322 349 206 13 292 61 151 459 148 306 21 289 41 40 24 265 70 197 307 445 428 199 420 460 396 240 116 471 408 248 217 131 377 218 308 337 368 328 146 111 343 428 324 287 169 380 37 64 441 374 320 394 59 236 195 347 212 197 454 262 34 352 208 469 237 247 444
89 170 259 172 34 19 275 301 111 336 164 340 68 359 95 299 417 351 23 416 467 396 113 82 12 253 309 380 87 258 154 434 367 61 402 98 380 278 395 316 395 72 411 207 68 45 429 31 10 373 355 372 419 254 206 447 390 229 229 235 333 212 330 182 164 152 347 337 18 236 300 435 421 27 256 65 190 374 423 237 28 447 166 393 259 401 284 437 46 138
92 100 138 376 160 270 420 116 236 230 94 204 268 349 52 294 123 214 219 421 274 454 93 363 82 102 107 81 4 457 72 326 443 416 210 57 118 328 311 240 468 88 353 470 267 166 417 236 327 66 111 397 98 143 17 462 448 3 190 93 419 8 373 342 364 417 283 374 214 328 200 130 3 22 233 148 297 440 456 94 91 263 73 398 104 287 416 405 259 453 86 288 314
11 285 305 108 136 456 74 260 425 146 107 304
94 449 292 454 434 183 60 30 78 245 45 369 315 277 81 339 422 227 12 362 5 414 393 156 114 370 42 47 88 319 133 294 75 434 275 388 156 90 418 47 125 232 311 14 102 431 49 90 234 192 122 344 207 256 388 174 224 14 355 443 306 289 132 351 259 316 254 195 64 200 382 117 245 256 459 168 238 241 93 261 255 111 423 161 432 140 331 75 431 399 269 435 347 13 259
13 394 442 9 304 401 324 291 259 65 160 304 241 293
26 421 418 301 7 98 381 430 460 176 76 287 457 451 433 329 430 96 334 26 432 74 289 436 129 256 455
22 390 199 437 418 198 75 116 272 103 418 133 230 73 204 139 337 130 388 467 415 188 379
34 461 441 116 430 351 236 165 445 57 59 148 460 77 415 374 333 452 238 142 426 432 2 100 35 64 465 210 29 62 3 239 461 52 375
43 332 460 148 427 318 461 131 338 132 431 299 30 52 318 77 319 452 184 270 377 288 310 361 82 227 453 407 53 417 4 129 254 64 245 347 77 343 68 74 243 388 180 406
69 45 341 323 75 352 333 3 247 20 326 173 421 72 464 124 296 385 209 107 369 144 226 341 141 75 94 191 274 53 203 94 58 202 76 128 250 320 57 72 341 38 173 399 132 346 419 137 82 184 381 249 209 213 257 334 366 262 58 39 393 440 368 401 135 108 246 389 122 91
