3524 53
77 29 59 113 195 169 55 149 14 14 14 78 79 158 27 120 185 144 142 164 149 127 117 119 39 1 197 39 10 165 189 9 191 42 19 44 72 125 143 33 113 57 138 38 118 36 144 138 197 10 182 181 178 19 169 175 104 81 72 72 42 31 162 91 115 136 106 15 35 53 13 184 43 156 47 41 123 171
43 31 118 25 44 198 187 155 68 49 69 98 115 11 46 127 171 54 129 148 97 135 97 37 41 32 151 187 153 181 168 179 38 51 41 183 71 137 88 94 73 69 140 27
79 5 74 35 71 173 101 113 192 97 178 14 53 33 33 84 119 163 70 117 87 34 137 13 8 7 125 6 109 110 111 2 38 60 163 189 199 72 145 13 182 147 122 84 122 140 196 93 72 7 55 113 3 7 176 191 81 95 153 175 33 15 41 84 59 105 32 26 79 18 15 102 89 180 38 185 73 9 64 168
19 31 92 29 91 90 160 102 8 41 60 133 108 82 170 192 28 138 157 65
80 126 126 50 88 12 11 161 77 68 197 88 157 102 163 50 147 65 38 108 121 55 67 101 184 106 189 168 142 48 98 35 152 88 78 90 14 72 39 47 152 135 94 32 30 145 68 128 45 88 79 118 73 117 17 192 32 59 180 173 193 161 193 66 9 175 81 1 11 56 150 187 90 117 170 18 161 175 30 174 108
45 156 43 178 53 1 5 131 92 162 70 53 24 186 146 11 40 102 199 148 195 57 98 43 145 21 100 191 129 139 28 47 86 182 143 21 157 117 22 138 16 60 65 78 130 75
64 167 194 83 58 59 119 172 99 45 152 26 150 1 46 25 186 140 128 174 10 77 95 45 187 67 193 13 94 191 114 144 58 38 84 174 57 115 111 163 128 80 25 127 139 92 109 150 17 120 119 5 120 116 100 96 51 58 12 68 116 94 29 140 2
53 50 181 42 107 66 29 39 118 106 160 87 91 188 168 127 138 45 114 6 56 180 33 43 152 100 86 158 196 58 189 67 104 140 129 15 159 114 133 115 197 135 196 83 136 63 121 39 5 41 122 160 197 120
92 54 190 170 197 92 160 65 83 97 144 138 60 147 129 135 183 196 157 89 153 61 161 17 107 187 197 186 77 46 2 182 81 7 19 125 193 131 16 42 125 77 47 15 160 125 136 67 189 147 137 37 178 191 125 169 140 89 93 20 57 127 109 106 4 163 35 129 61 150 27 164 18 26 21 114 109 68 61 154 136 48 74 4 179 83 83 5 85 194 99 198 11
48 20 56 117 4 197 41 114 165 122 167 182 198 52 182 131 180 52 78 125 153 37 50 52 42 42 4 60 13 47 2 147 191 19 153 155 39 62 15 36 68 133 26 170 155 109 155 186 134
92 89 61 60 47 97 137 58 138 30 100 61 65 118 25 162 192 117 174 180 148 156 67 190 74 40 199 93 11 56 40 73 26 85 176 168 30 17 118 53 191 2 93 107 78 106 185 25 135 26 59 186 160 159 28 196 184 198 61 19 156 30 190 104 78 159 44 127 70 92 175 98 39 184 119 136 95 98 44 131 174 25 136 184 77 176 186 103 63 190 186 82 40
80 51 129 59 181 127 86 121 83 189 162 81 36 139 36 81 119 11 5 70 182 170 198 131 194 58 87 59 132 90 149 176 6 9 185 54 68 50 30 174 76 109 162 97 106 31 92 8 138 87 142 45 180 20 190 199 31 159 54 64 47 18 198 165 58 12 97 54 187 12 193 179 38 32 22 179 144 115 30 45 114
74 17 199 28 177 190 147 7 177 192 1 115 5 91 162 63 21 192 70 181 119 179 59 149 167 144 167 196 163 194 52 82 101 70 39 181 154 135 188 168 142 66 199 150 138 170 76 116 18 66 22 164 145 48 113 26 160 178 117 99 26 161 92 17 25 111 114 151 61 60 145 184 26 74 179
74 166 64 95 122 12 177 162 57 48 174 120 19 49 64 106 124 93 41 97 187 178 67 105 197 153 24 49 4 3 120 129 199 79 36 28 198 3 55 25 85 188 53 42 182 137 109 84 97 45 42 163 40 47 136 113 34 103 113 131 165 91 104 194 17 64 125 108 38 185 21 58 46 151 130
59 126 9 11 64 97 196 28 62 62 50 134 183 179 34 131 118 11 130 91 92 72 164 128 29 48 162 42 35 199 58 65 39 157 12 2 155 38 66 49 8 191 166 192 196 50 99 135 89 90 138 167 180 89 112 70 109 191 116 9
85 39 182 28 159 94 118 122 73 129 188 153 31 161 127 90 87 156 1 13 25 20 112 142 196 185 12 57 20 180 9 175 106 13 157 67 163 68 98 114 131 113 141 65 182 193 118 138 87 34 147 12 20 118 197 75 145 1 170 157 132 7 115 151 69 37 132 142 55 186 114 82 138 185 13 124 44 114 105 184 121 77 51 11 25 108
47 36 171 100 47 62 21 92 180 191 79 80 12 187 39 141 168 61 118 187 166 103 195 41 156 150 101 51 98 98 3 15 183 29 186 89 33 74 183 46 165 187 90 33 1 161 40 187
50 84 13 3 73 31 89 28 193 81 71 192 162 30 135 50 11 43 171 111 121 34 103 103 96 114 90 95 79 83 170 32 193 62 157 98 72 106 5 52 100 106 75 77 41 29 48 61 24 136 61
35 145 61 121 81 86 45 75 142 158 81 135 97 96 62 130 9 108 11 11 95 161 99 7 84 20 30 28 5 19 105 195 17 147 15 120
25 91 1 108 61 37 133 175 25 24 33 2 87 172 1 159 81 189 2 10 92 28 126 187 85 86
1 126
9 101 124 54 15 31 39 178 57 71
52 39 62 169 172 72 133 78 43 166 129 84 25 62 167 146 76 25 30 78 145 5 141 71 163 54 27 83 117 31 111 22 197 51 69 150 148 160 77 118 48 37 163 170 111 85 99 183 83 34 162 137 184
44 146 183 67 114 66 159 192 93 9 199 158 194 135 37 7 91 38 104 134 4 109 11 129 23 9 198 136 6 52 165 13 176 190 90 23 192 26 141 30 171 41 42 43 120
34 90 122 188 165 76 75 125 170 89 71 24 117 198 178 191 20 27 100 102 133 113 182 155 72 179 141 148 171 111 39 147 152 19 161
75 79 181 86 92 101 112 83 183 120 34 64 22 29 93 126 178 121 7 148 70 52 165 115 113 117 128 181 122 89 29 81 90 24 43 195 191 107 150 18 109 193 87 14 50 47 144 153 148 148 113 170 8 91 121 6 77 101 141 106 126 197 2 66 44 172 15 42 28 80 199 78 74 110 122 1
12 79 38 195 106 104 4 54 87 1 130 77 2
68 90 60 65 66 114 47 6 105 117 40 77 165 57 117 95 101 49 11 46 192 113 73 22 108 24 67 77 114 108 128 80 33 155 151 165 74 16 44 197 56 188 185 85 3 93 111 110 59 184 134 83 94 98 65 173 157 107 152 110 171 167 193 19 176 182 149 143 176
91 2 166 12 79 183 157 44 177 184 2 16 190 127 43 91 4 172 140 60 148 3 21 33 174 174 191 76 185 116 18 18 45 33 164 126 136 138 53 197 150 96 37 2 8 170 168 97 188 123 97 170 159 71 169 143 116 68 47 117 154 87 167 178 92 148 46 199 75 43 187 189 8 154 143 51 36 142 53 98 29 104 72 124 107 6 135 21 191 78 107 17
7 135 159 110 199 28 45 44
23 32 54 4 114 74 196 148 107 87 186 180 156 179 9 72 149 162 115 34 189 40 195 15
38 176 68 80 193 28 155 194 67 179 153 126 14 71 156 95 138 105 107 107 160 167 127 21 6 22 51 197 93 148 151 32 70 174 173 72 152 31 59
77 173 78 38 114 6 96 159 84 58 103 13 64 55 121 7 56 7 171 189 72 79 46 146 66 47 194 7 14 150 120 132 90 13 96 108 104 5 146 111 106 153 137 113 156 196 106 93 52 156 65 55 12 176 132 38 40 115 54 97 116 199 29 46 12 186 196 20 127 148 19 24 69 178 112 150 151 47
56 118 183 179 84 44 164 153 133 1 44 62 10 178 106 77 48 31 44 1 166 96 61 184 171 190 20 94 45 70 175 139 103 161 55 189 33 140 129 54 27 35 21 154 14 44 152 185 53 29 1 162 192 124 45 151 151
90 65 9 139 38 59 102 77 132 167 176 48 198 27 194 186 128 73 131 97 75 115 113 77 119 59 143 190 40 22 59 129 188 123 9 118 91 36 193 153 164 51 179 49 24 109 191 1 3 11 103 163 151 35 187 110 126 194 68 59 167 84 123 166 175 69 112 60 61 196 77 133 70 138 125 25 58 72 20 34 78 55 134 93 47 196 5 13 162 11 86
14 128 126 149 134 128 43 77 194 42 173 17 141 146 83
74 108 117 21 121 9 15 171 43 183 96 40 174 66 179 156 194 124 46 86 65 178 38 169 34 193 62 33 140 139 85 150 136 25 86 199 167 140 177 85 178 198 179 84 194 9 6 66 168 134 110 33 18 160 183 108 40 154 104 198 1 111 93 137 30 125 161 131 77 175 18 44 123 57 100
100 179 123 63 159 12 48 68 137 157 65 195 88 73 62 6 125 62 35 1 189 136 155 140 72 72 92 155 122 16 58 189 84 71 58 31 8 131 65 55 177 162 1 7 100 136 1 123 164 165 1 35 101 7 120 147 26 44 182 181 132 5 60 40 129 4 128 100 55 48 83 158 56 42 116 69 72 190 41 8 181 36 121 163 119 161 157 65 76 21 35 30 186 187 158 12 15 161 197 56 189
2 161 91
61 60 142 184 10 117 100 38 77 33 12 55 158 122 174 65 117 183 135 18 69 110 13 34 199 108 187 88 195 29 10 64 75 137 129 113 42 167 121 44 197 114 79 8 142 75 86 49 157 16 190 115 23 192 109 18 61 157 11 76 146 198
59 30 150 23 112 181 154 69 125 1 77 193 71 3 143 68 183 81 48 60 112 134 21 22 191 13 165 75 160 188 30 158 84 27 179 91 106 167 104 79 69 52 50 30 30 178 179 129 181 47 24 101 139 105 57 94 39 95 99 3
42 122 191 173 63 74 62 67 163 182 27 5 20 119 102 92 81 75 42 43 193 101 96 163 38 27 104 179 159 65 191 101 110 138 143 73 4 51 41 56 54 21 12
71 105 91 174 143 183 70 92 46 115 116 83 197 112 108 54 61 33 105 21 101 56 9 96 163 178 146 70 93 119 131 10 147 57 53 162 177 118 183 154 37 146 55 185 59 67 72 43 35 113 15 38 45 101 110 28 21 157 155 132 152 150 9 168 13 61 90 171 161 148 188 72
81 134 162 15 20 167 146 194 25 80 89 173 7 15 17 5 113 142 134 39 152 85 93 111 21 29 53 174 21 167 40 9 4 106 147 106 98 58 197 133 195 43 132 14 156 148 188 180 11 142 90 95 181 22 125 183 169 173 149 116 38 164 191 131 172 41 23 149 124 171 28 169 79 17 184 30 97 3 192 89 125 101
35 116 56 51 158 176 60 164 40 84 122 199 113 87 47 184 10 194 16 177 23 196 139 76 61 70 80 121 84 47 29 22 92 13 26 169
44 61 157 175 125 33 151 160 166 181 107 141 3 198 39 147 117 3 49 58 60 85 87 3 164 170 130 145 78 83 129 66 37 176 180 110 177 199 14 2 156 72 114 31 25
22 168 11 125 175 6 176 150 7 59 153 104 62 57 185 20 158 75 6 40 102 23 35
34 116 44 48 66 75 56 193 108 105 24 70 78 168 61 121 156 4 1 78 86 154 55 159 73 51 37 111 79 71 147 88 22 106 35
67 76 123 160 191 137 77 180 37 57 90 36 26 32 189 145 73 104 175 52 71 181 165 94 104 7 113 169 178 171 42 17 32 116 137 168 30 197 98 119 14 183 187 98 45 63 156 158 26 134 101 5 106 141 162 10 84 198 46 37 112 81 174 107 181 194 10 197
23 60 46 73 150 76 98 119 187 45 29 151 103 135 62 129 122 131 24 173 5 146 169 192
79 20 13 90 49 8 57 49 163 126 89 20 179 111 131 1 84 100 158 32 59 58 25 100 196 57 20 3 84 56 178 44 59 83 110 20 40 146 196 157 78 142 160 141 88 170 64 158 5 151 12 71 133 167 106 20 152 69 6 31 68 21 64 195 162 168 190 140 32 199 47 183 197 170 173 33 8 21 72 84
18 50 125 36 35 168 51 189 82 15 122 2 73 30 129 169 14 84 10
44 103 181 150 77 16 194 104 48 38 163 76 46 160 83 111 61 173 185 155 121 104 30 115 131 138 1 129 192 148 55 33 196 191 183 173 77 9 1 30 17 132 125 58 160
