4430 122
78 44 65 12 37 1 40 14 96 57 87 83 85 44 82 68 10 63 25 56 106 31 38 3 8 61 63 95 59 10 50 100 87 24 103 58 86 98 69 68 86 44 24 98 97 59 53 82 35 101 2 55 23 77 45 77 95 105 20 14 31 90 59 95 101 85 70 79 83 41 13 40 47 107 12 54 53 103 87
79 65 83 52 11 44 96 11 95 18 68 62 5 108 2 105 52 47 77 18 107 1 55 103 91 54 41 81 13 98 22 103 7 57 8 96 23 12 51 63 61 26 75 77 64 86 71 56 75 55 65 27 67 93 38 1 7 69 56 95 8 91 83 97 96 10 14 21 87 35 70 32 99 87 51 92 75 79 20 64
18 68 106 67 69 14 76 21 20 20 84 24 98 1 8 51 56 36 73
38 83 101 71 63 73 51 76 100 60 106 86 93 70 97 1 12 36 90 29 3 54 2 35 32 11 4 49 87 35 76 22 39 28 91 44 14 70 19
31 39 105 36 57 74 27 31 18 37 41 105 34 102 60 92 101 8 91 98 25 95 42 38 50 55 71 99 2 51 46 68
22 72 18 84 1 25 43 4 30 80 76 66 79 77 14 34 98 46 108 99 70 65 25
93 76 67 84 34 84 58 55 17 73 92 20 90 31 100 98 87 17 26 38 10 20 95 25 53 7 81 73 33 60 101 98 35 102 18 46 100 64 61 54 33 60 9 13 17 58 78 51 74 5 90 55 14 25 15 100 15 41 93 40 8 98 47 33 24 12 18 96 18 5 103 30 40 67 22 56 32 59 92 56 22 32 97 57 46 48 93 56 33 10 40 6 100 69
52 74 54 37 49 15 50 76 89 108 97 91 15 53 54 101 53 79 50 17 72 40 69 43 26 24 45 48 73 33 79 101 21 75 22 72 82 66 9 14 83 8 60 75 5 12 80 36 76 34 43 63 93
56 76 93 4 40 90 77 97 34 47 3 63 9 106 69 100 92 82 78 42 60 81 86 25 16 83 58 7 38 48 104 24 97 6 14 16 21 43 30 101 10 48 58 39 6 108 103 55 5 8 36 81 96 81 19 6 56
54 15 88 1 10 12 9 101 94 40 106 79 48 90 36 85 59 6 69 56 53 43 50 61 107 11 80 57 42 2 52 53 77 43 35 69 98 91 22 59 37 69 93 10 36 33 54 15 17 47 72 59 61 44 64
4 39 90 32 24
45 76 58 27 101 108 26 35 96 50 25 66 78 2 81 92 96 67 70 69 24 25 42 24 12 12 108 101 101 64 5 2 69 104 24 65 8 46 88 65 1 108 73 77 12 29
15 18 79 40 25 71 16 8 86 46 81 51 18 107 35 82
61 89 83 81 84 63 19 54 55 54 77 44 15 8 37 46 88 43 83 78 61 68 33 64 81 4 13 80 57 82 95 48 33 74 93 76 86 80 79 29 105 40 104 103 51 75 108 102 28 46 1 29 4 49 63 96 94 98 87 81 83 73
16 98 61 79 28 82 12 68 39 42 97 76 98 55 71 38 31
69 71 106 43 87 23 9 86 1 23 29 80 100 44 99 49 107 79 57 58 24 17 4 93 59 77 62 3 73 5 97 74 44 10 86 66 96 45 91 41 55 40 17 29 36 71 39 82 10 97 44 89 19 2 61 71 26 8 9 10 75 33 44 100 30 12 91 58 22 8
31 14 101 56 71 36 80 42 101 12 49 9 47 59 66 10 87 19 22 94 103 63 37 12 63 35 62 10 11 47 35 63
82 44 6 24 95 47 87 32 35 55 90 15 3 89 47 72 48 82 47 102 98 39 87 75 4 32 16 21 79 86 61 104 105 36 6 51 6 90 104 2 36 26 107 36 17 40 75 17 44 19 66 17 15 14 43 92 106 38 54 66 84 19 37 15 34 83 33 28 59 75 78 84 16 81 8 94 43 35 67 86 63 59 49
88 85 56 81 81 37 100 19 64 17 99 86 63 44 31 105 37 66 22 57 39 32 53 34 85 66 106 8 53 59 8 55 4 42 71 7 14 29 57 27 27 45 49 33 35 92 83 90 74 8 55 48 18 92 88 6 101 92 33 80 66 76 76 54 108 71 95 54 62 16 46 16 74 26 10 87 34 45 61 34 97 83 59 36 31 42 99 47 44
53 38 29 53 25 11 5 62 23 26 87 81 100 102 100 45 9 74 25 51 36 86 14 64 18 75 8 91 14 28 58 68 15 48 8 15 100 49 101 77 104 102 85 75 98 28 63 37 34 49 13 73 26 38
26 81 34 39 37 39 21 54 21 33 55 8 73 50 77 7 36 71 79 104 36 11 23 49 41 32 21
17 39 60 108 99 76 14 103 28 31 31 91 5 75 80 108 45 94
8 75 73 14 82 10 16 29 90
11 92 20 55 77 9 32 37 88 27 39 6
28 85 94 24 11 53 77 24 65 98 87 71 26 79 30 42 4 11 5 36 10 14 6 31 84 48 5 6 90
88 61 92 46 89 41 105 100 47 19 39 108 73 103 56 47 91 38 45 66 83 71 6 23 60 17 71 74 1 67 57 48 76 12 39 33 46 75 45 2 101 60 61 96 12 15 50 75 36 58 54 88 78 1 31 28 101 105 104 57 35 61 68 17 32 79 50 85 3 91 29 3 80 56 74 54 106 6 19 97 22 92 105 36 56 47 102 74 12
33 31 55 20 19 33 97 53 93 79 93 98 15 108 4 43 93 87 69 7 19 17 38 6 71 49 82 43 23 28 24 94 86 47
76 95 8 15 45 71 85 38 38 44 66 91 29 57 17 90 21 27 32 95 72 91 82 73 80 7 34 55 15 31 10 16 23 65 25 72 92 101 71 73 59 99 74 11 11 16 30 60 93 66 49 32 13 7 81 27 40 58 23 1 46 45 7 24 27 47 12 34 40 13 43 4 34 88 107 51 23
96 85 84 96 87 78 78 58 88 57 108 27 101 45 47 82 87 86 82 48 82 93 11 58 104 32 23 63 38 49 98 62 48 6 39 13 61 83 6 88 46 4 91 75 19 28 33 55 41 69 22 39 18 57 30 25 26 100 93 14 91 72 30 95 14 1 81 76 97 22 107 12 45 40 91 51 9 84 100 45 94 74 51 51 58 35 44 78 73 33 40 14 103 22 80 52 39
9 48 86 27 82 86 2 75 49 29
59 48 5 50 15 68 27 50 33 29 69 69 65 84 84 107 44 66 63 24 34 71 27 33 103 101 39 4 11 50 66 67 81 93 83 19 99 70 46 64 9 98 94 73 108 18 73 72 41 96 2 105 60 82 105 55 80 38 89 2
62 106 62 75 32 53 63 107 19 90 52 78 5 89 5 85 86 51 52 17 73 11 2 108 42 104 98 101 74 98 91 97 103 102 92 69 79 47 68 15 30 86 57 96 4 93 101 11 3 26 83 48 15 92 85 73 59 40 44 24 20 46 88
92 39 61 14 57 80 64 3 55 94 47 71 39 87 66 64 53 1 30 70 49 4 52 46 72 39 37 78 12 13 78 18 67 84 48 10 46 104 7 104 42 2 9 15 10 9 5 59 85 24 69 64 57 80 62 92 68 82 76 68 99 6 64 56 4 40 83 101 82 43 69 14 25 49 101 24 107 40 40 42 13 33 11 28 105 16 53 86 10 23 64 77 94
81 75 90 96 31 24 7 45 3 51 75 102 100 90 54 29 12 60 1 2 32 64 10 26 40 44 81 16 86 54 7 15 37 26 57 63 6 36 13 91 24 91 84 1 40 87 7 46 37 40 52 7 65 23 19 53 103 44 40 84 75 58 63 16 106 101 100 59 92 69 76 2 85 57 17 101 9 57 28 105 25 1
53 84 15 74 13 26 75 99 102 58 54 64 79 9 72 1 10 15 107 19 1 99 46 32 101 4 22 48 11 44 26 88 91 33 84 83 86 83 105 2 26 43 44 11 66 3 23 108 39 76 41 30 105 90
97 67 75 89 99 101 22 87 54 2 19 55 2 2 11 35 53 14 22 32 62 73 107 87 51 39 94 65 91 18 37 79 40 4 8 66 45 9 107 98 90 46 71 8 30 1 103 4 59 55 62 41 38 8 1 56 35 42 86 90 63 60 55 18 43 107 27 97 4 9 78 87 44 63 9 76 72 85 106 19 94 88 52 79 95 24 106 44 98 61 17 11 9 28 69 68 99 100
27 43 66 37 58 47 67 92 102 105 69 5 27 3 25 33 40 105 40 53 67 36 78 27 38 75 3 58
6 97 91 78 69 79 34
92 40 64 22 47 88 33 59 74 57 45 63 87 92 81 100 44 100 91 76 86 94 82 8 11 80 7 32 60 69 31 5 59 36 15 74 72 71 101 55 35 10 41 11 34 89 63 11 53 54 91 71 55 4 95 27 95 93 58 89 60 30 45 87 5 8 28 52 95 29 89 75 93 41 20 57 15 69 1 106 22 82 83 84 9 107 7 38 48 18 35 106 45
76 70 28 8 59 32 21 81 103 92 27 23 83 66 14 4 3 89 29 37 86 62 35 101 66 101 100 80 39 60 92 58 14 83 44 8 72 50 52 48 29 47 48 46 55 92 102 39 53 84 19 96 71 50 46 100 105 44 41 106 82 41 94 70 94 105 91 57 58 34 44 39 52 82 87 92 52
64 57 96 66 70 53 60 98 22 36 107 77 5 51 33 26 60 55 48 17 108 95 93 34 60 17 42 36 53 74 45 56 8 44 90 64 108 104 104 89 59 11 102 84 35 7 28 63 49 38 73 102 49 97 90 21 28 45 8 34 100 8 75 67 25
19 74 53 76 14 64 102 103 35 9 42 91 90 2 50 28 6 4 95 89
28 17 96 4 91 105 60 61 9 60 25 6 90 80 49 40 6 88 100 64 74 55 104 28 54 66 52 9 54
50 93 8 23 74 65 47 6 11 58 52 68 28 8 73 42 94 103 36 63 7 72 104 41 73 66 31 96 9 39 48 79 76 81 44 82 20 70 58 84 55 69 18 84 20 57 63 49 79 60 73
38 81 58 59 94 29 15 22 62 56 58 26 55 100 56 45 44 42 89 101 60 81 25 82 21 96 49 88 69 51 8 97 101 14 75 53 19 69 59
67 16 10 99 77 35 94 56 91 11 98 15 70 71 79 54 2 34 4 93 5 101 21 37 50 32 107 105 65 74 55 3 41 31 15 45 94 78 65 38 28 87 79 71 33 86 6 14 62 10 40 100 26 65 45 63 86 91 90 12 82 11 61 4 24 69 22 104
49 67 99 93 75 8 3 13 42 93 46 108 107 55 79 102 37 13 35 82 68 81 93 49 6 33 84 80 42 5 83 87 10 23 14 26 103 86 13 15 98 91 80 72 105 82 50 18 2 77
2 44 74
96 57 13 20 47 84 50 79 57 62 94 11 28 5 75 72 98 67 40 75 74 41 106 67 9 28 2 88 42 17 46 34 81 85 74 65 99 47 91 20 8 45 108 26 46 73 38 29 25 77 40 22 102 87 2 92 10 36 86 84 73 89 28 25 12 80 77 91 27 49 4 24 36 13 74 93 2 30 40 70 33 44 81 83 76 22 89 59 27 8 18 30 20 50 4 22 57
30 32 30 8 96 103 29 37 64 22 44 62 48 49 60 6 29 66 43 53 11 32 85 4 57 5 14 35 81 49 88
25 99 107 14 53 7 47 63 88 31 84 33 85 99 18 44 38 39 23 35 8 40 82 27 63 81
5 82 70 50 89 14
7 77 15 67 49 104 39 7
7 88 13 39 39 61 63 92
89 17 58 41 92 100 43 64 99 50 7 30 82 35 26 17 100 83 13 36 5 104 23 51 89 9 55 49 52 88 47 45 64 70 92 49 76 49 27 7 88 81 78 58 86 93 17 81 3 50 56 72 74 89 11 70 102 42 73 41 87 9 65 27 79 79 48 106 92 73 95 32 75 104 78 9 42 44 79 102 108 53 19 36 31 79 34 83 83 88
54 91 26 54 47 17 89 22 54 15 17 72 10 34 86 47 10 86 79 25 8 88 40 49 90 35 92 5 81 21 102 54 44 13 12 65 32 40 4 82 84 79 36 67 54 91 61 58 91 26 70 28 43 93 67
22 40 54 69 80 13 67 9 101 59 83 55 11 88 12 29 21 3 37 38 70 24 42
81 78 17 10 21 17 87 108 39 25 49 96 17 92 94 41 27 107 15 78 3 16 29 69 22 26 12 86 46 54 48 94 92 27 65 38 102 17 27 31 24 32 28 44 100 107 60 47 45 100 41 17 56 41 92 76 96 41 18 71 105 80 44 71 74 12 33 8 29 63 17 58 19 74 4 8 84 88 7 98 32 38
43 100 57 41 68 66 66 25 59 95 103 66 71 16 96 91 4 81 105 87 74 80 46 46 57 20 60 57 75 73 95 84 10 58 13 10 67 18 56 71 34 54 31 43
4 1 70 81 32
13 88 73 106 22 85 106 108 105 70 40 88 73 7
74 17 10 44 11 95 61 105 75 17 2 40 83 97 8 57 1 61 40 76 18 36 3 65 7 32 54 62 81 96 70 52 14 56 4 68 82 90 23 66 84 86 67 37 100 71 84 74 26 25 3 25 51 21 56 92 44 75 1 88 75 76 10 101 8 101 84 7 1 58 10 73 65 34 20
87 18 43 24 80 18 3 25 17 69 11 70 42 52 87 61 45 74 70 86 11 63 49 28 98 34 87 100 71 93 101 87 106 88 32 31 60 94 54 46 44 78 43 18 72 95 24 38 65 2 74 88 13 100 53 86 59 97 101 1 1 19 46 84 4 2 83 6 101 53 51 24 20 32 47 73 15 72 82 33 59 105 32 100 1 20 79 14
99 63 83 5 81 12 38 27 70 93 107 1 35 74 9 72 17 20 5 25 108 92 85 28 81 85 1 46 31 37 71 77 81 27 92 22 2 30 46 45 47 23 76 90 103 100 104 54 63 46 99 33 106 94 94 106 46 50 22 51 39 70 85 66 20 18 75 95 55 62 99 35 31 15 12 77 19 47 74 9 47 41 6 61 84 108 5 14 50 31 70 70 53 73 55 14 45 53 29 3
79 29 96 70 28 57 15 17 76 66 79 13 40 16 51 32 58 21 25 10 63 100 83 19 104 105 22 101 54 25 73 68 29 83 89 4 98 4 87 25 32 96 34 50 37 5 103 93 22 79 89 86 11 34 85 12 15 59 19 17 59 101 63 20 97 95 91 38 41 38 42 55 75 36 101 102 43 86 56 67
51 37 43 101 43 32 85 61 18 82 82 65 33 63 25 84 30 3 49 89 5 87 24 90 21 57 10 2 31 7 85 68 66 80 103 84 57 56 17 102 106 47 72 6 42 20 82 29 18 105 20 58
49 95 108 92 45 98 91 85 69 44 2 30 51 1 10 106 100 8 26 108 17 106 1 52 35 85 51 61 102 80 62 86 19 18 46 82 31 24 53 86 37 68 61 26 98 69 54 3 10 95
52 44 60 99 64 79 3 46 5 84 87 3 8 101 100 31 12 41 28 98 44 8 97 24 105 92 44 86 35 69 98 36 66 80 36 14 107 10 64 3 103 84 5 55 39 43 31 29 107 14 107 72 10
67 72 101 106 36 107 102 47 91 99 47 28 10 11 78 11 25 97 49 75 79 70 19 97 72 86 40 102 89 31 71 70 82 23 103 102 25 34 85 24 96 71 10 75 4 81 31 9 20 15 17 36 105 48 31 48 47 83 36 106 61 90 97 41 75 36 81 104
87 43 102 57 61 86 95 64 107 61 39 6 89 71 72 42 1 42 101 77 8 18 82 86 61 47 82 13 23 9 10 28 82 39 99 15 47 53 27 79 77 8 28 32 6 19 50 87 100 84 22 108 48 63 106 89 2 3 47 20 84 106 25 48 108 48 26 32 18 46 104 79 50 18 107 107 10 73 108 2 15 46 20 103 66 6 56 73
62 50 34 24 94 39 97 71 61 62 105 43 74 54 23 35 82 30 50 32 72 66 67 51 92 95 44 94 93 68 38 96 35 5 19 86 39 106 84 79 65 105 13 68 37 59 29 26 5 29 65 101 33 98 64 85 108 73 98 63 7 44 94
38 24 26 77 105 81 80 19 58 52 105 72 88 37 32 58 6 3 67 84 82 70 10 25 76 69 7 105 63 77 78 43 51 44 59 17 67 65 19
46 41 64 71 67 91 3 67 38 88 16 73 22 103 37 14 61 98 59 20 70 21 16 11 4 60 65 84 65 27 36 42 13 89 85 67 39 102 15 90 70 44 89 73 102 2 48
26 65 12 71 89 105 63 69 63 8 82 74 29 5 19 8 43 93 41 26 40 105 2 24 108 25 91
97 88 2 48 100 99 37 97 77 74 44 37 60 11 41 69 104 2 97 58 32 37 76 33 73 51 90 49 43 96 17 33 60 54 27 19 8 24 103 85 87 51 85 45 6 20 58 65 84 87 82 32 20 87 59 96 57 17 21 99 34 71 74 92 34 69 63 94 75 3 22 102 92 85 62 33 14 103 73 1 23 100 23 26 61 34 4 41 98 66 12 100 15 90 66 67 66 81
92 60 48 74 96 52 97 24 29 18 16 12 1 46 9 44 29 72 26 82 28 78 37 93 80 15 94 96 97 9 17 104 46 10 18 52 26 42 66 65 15 85 13 87 88 50 65 72 66 65 80 102 27 84 88 30 106 73 46 6 51 14 66 38 1 50 55 95 76 97 102 27 40 41 5 54 19 9 78 91 91 75 87 41 82 69 6 105 93 24 9 1 71
88 30 5 107 102 25 57 97 34 92 51 105 2 47 66 5 45 74 71 72 69 64 76 103 34 79 67 85 10 80 62 103 84 67 23 41 66 56 105 63 58 72 20 44 9 69 54 58 26 26 77 91 102 1 93 83 88 22 18 100 45 84 93 94 96 18 42 71 1 21 74 2 14 54 102 60 76 11 82 70 53 40 98 91 68 53 52 33 2
72 54 33 55 88 101 80 24 19 11 75 5 97 36 16 23 25 73 107 68 2 93 21 91 59 6 70 72 108 47 82 28 51 84 44 89 8 105 87 11 67 101 84 89 23 82 7 29 73 47 73 76 86 81 39 82 65 46 92 29 37 27 68 66 86 82 104 11 80 95 108 43 87
60 19 72 31 56 41 4 4 84 25 38 62 10 65 102 78 101 80 87 41 37 65 88 105 69 32 69 100 37 24 44 19 22 41 19 88 1 16 99 11 5 63 64 8 89 82 87 79 75 2 25 21 44 59 73 107 16 52 79 98 3
54 32 54 18 95 44 67 73 95 6 88 60 68 4 22 33 72 68 55 27 97 107 99 9 94 16 89 31 23 12 100 97 73 53 33 66 74 59 6 42 82 10 28 103 63 75 25 80 4 93 43 73 73 7 14
7 99 18 61 12 68 72 16
96 102 35 106 89 101 71 13 45 3 72 99 97 108 95 78 20 36 3 87 22 81 100 49 102 104 4 74 28 11 20 91 54 4 7 14 65 85 72 54 37 50 37 15 69 45 107 31 36 54 6 92 81 29 8 5 100 48 102 61 89 19 31 50 99 2 104 30 71 40 7 11 108 78 38 17 100 26 71 81 47 37 107 35 15 91 41 3 88 54 13 93 67 72 90 16 11
64 98 108 9 38 24 14 45 92 98 99 16 32 105 81 79 93 48 1 47 92 73 9 63 59 91 81 43 57 58 89 31 23 12 104 20 39 95 14 23 106 24 92 44 9 1 69 96 92 30 2 40 92 96 97 39 97 40 76 33 49 22 85 67 38
64 60 57 14 33 59 40 19 8 74 81 62 53 43 4 44 74 83 22 21 61 38 89 6 62 64 20 7 36 59 45 2 56 89 52 4 68 42 48 43 81 84 18 32 47 104 103 29 74 31 16 86 48 106 38 80 69 8 76 108 99 105 30 108 76
31 81 21 32 25 74 8 6 28 41 80 76 95 75 84 2 47 74 42 11 97 85 101 14 95 16 11 27 62 88 60 53
22 64 82 55 11 64 73 86 41 54 47 53 77 107 49 50 46 83 7 72 4 50 47
78 93 66 66 40 86 19 72 37 5 100 105 67 49 6 51 50 11 60 98 10 10 22 62 8 76 79 51 57 100 43 104 85 79 49 61 27 43 33 89 9 5 40 59 102 101 56 96 78 105 74 45 26 34 85 66 18 69 82 62 33 13 62 7 107 43 10 10 49 49 45 4 47 63 10 34 73 48 108
44 96 41 62 59 77 55 14 22 79 38 52 49 59 3 95 23 35 93 103 26 62 19 15 39 12 14 17 106 59 38 65 66 8 34 97 75 30 99 83 70 17 8 75 77
58 106 19 6 12 82 19 95 29 79 89 68 57 1 46 83 62 12 62 39 80 48 103 24 92 39 99 1 90 29 40 4 56 58 67 23 98 99 39 69 71 35 10 8 72 93 49 67 59 6 72 52 69 14 99 82 4 32 47
8 81 25 100 88 61 17 35 53
37 8 71 55 97 67 58 34 60 86 48 84 33 74 59 84 42 28 56 77 83 45 82 31 72 44 7 63 73 18 87 106 107 22 65 85 51 16
81 31 19 25 42 86 73 72 62 17 27 22 25 72 48 33 73 25 21 80 60 104 17 85 52 36 102 32 36 86 17 9 40 24 87 47 70 36 30 59 79 95 68 17 94 9 86 44 104 98 84 85 78 40 45 2 9 26 99 71 71 102 12 71 83 25 70 1 19 76 106 33 70 7 49 27 46 49 82 47 73 78
17 65 57 16 74 56 103 103 23 88 26 46 11 73 69 39 83 14
93 108 22 81 36 20 60 43 90 79 24 22 16 108 33 70 45 71 50 58 92 64 98 73 64 1 22 69 89 61 33 38 16 53 49 84 59 60 101 19 83 48 108 96 87 89 78 1 17 18 44 70 98 42 9 59 37 89 27 43 97 30 46 35 103 34 10 1 55 59 50 72 16 64 16 15 35 4 64 34 4 35 21 56 88 4 82 33 74 22 105 19 9 53
66 89 8 83 85 33 36 11 38 89 96 93 88 97 22 86 77 30 92 42 8 83 74 106 8 32 97 10 1 72 98 98 40 104 23 39 84 51 60 99 10 94 11 39 89 69 41 39 57 55 20 68 5 21 4 33 42 94 87 45 4 78 73 36 55 21 17
23 89 14 47 47 28 67 25 8 70 70 75 85 56 87 24 76 74 41 99 4 51 47 13
89 89 76 93 26 52 5 10 71 61 60 58 40 102 98 106 61 56 4 101 60 16 66 83 24 72 98 82 35 100 17 36 32 104 49 8 89 74 46 98 26 69 21 57 56 37 33 31 59 87 32 45 49 21 43 50 95 51 106 96 46 61 64 97 106 103 101 42 51 12 100 91 100 44 97 48 72 15 68 102 98 72 2 7 20 97 63 8 64 40
36 31 29 103 35 51 1 77 106 1 12 82 3 103 68 84 102 98 3 28 105 10 21 83 30 103 32 44 49 73 52 98 9 40 73 8 93
34 63 76 91 39 97 71 11 4 91 73 29 61 30 1 43 12 107 67 72 13 20 46 85 67 21 32 99 88 88 65 87 15 12 53
62 19 88 72 49 69 31 19 25 91 37 10 37 29 8 36 102 46 69 44 30 7 71 100 26 21 35 88 91 39 86 28 82 104 50 51 26 23 73 50 79 50 37 44 66 105 90 9 61 54 81 4 48 41 50 1 4 87 67 92 41 36 74
76 52 94 43 75 92 25 55 38 19 60 101 58 17 22 57 20 78 27 75 21 25 88 93 93 68 44 80 32 87 24 37 51 39 100 19 20 3 58 106 37 68 60 45 43 67 92 43 43 87 13 56 89 55 2 2 32 78 29 7 38 79 55 54 85 32 73 39 61 99 10 15 13 29 62 93 93
63 45 59 100 60 52 32 78 81 59 61 22 98 50 42 53 41 82 4 71 40 29 16 77 2 52 48 46 40 61 18 69 18 71 16 106 50 16 7 37 87 99 84 57 23 47 3 90 8 58 90 88 86 100 104 90 57 85 103 37 89 57 33 45
27 91 7 58 60 19 26 54 84 6 57 4 68 15 31 79 98 71 12 106 8 47 21 34 17 6 12 2
26 100 81 89 102 5 27 101 21 4 37 23 94 52 25 31 56 39 6 44 73 1 93 43 32 99 33
41 31 61 43 19 57 92 32 33 104 20 68 4 81 36 77 48 75 8 31 95 61 101 38 93 26 10 18 36 67 13 8 74 14 32 7 17 54 63 96 91 88
31 25 12 35 31 73 14 8 8 23 49 4 33 73 81 103 3 63 92 76 58 102 77 82 58 88 101 23 51 97 63 15
3 46 45 62
9 45 94 64 23 71 7 17 85 22
48 100 47 32 13 52 11 84 42 96 17 96 43 87 104 58 89 28 30 57 75 34 101 94 51 71 66 38 18 60 47 89 58 29 19 1 100 10 7 103 25 72 75 40 107 43 40 101 56
72 55 38 98 31 11 28 93 83 20 36 45 50 27 82 77 8 10 53 77 58 106 94 77 101 11 90 77 15 63 31 79 27 21 96 63 53 35 102 18 48 104 72 47 57 66 59 32 9 20 62 50 27 72 46 66 38 74 82 2 17 72 62 47 34 36 22 17 58 21 62 22 75
27 54 64 20 28 25 22 47 59 91 58 44 10 39 49 52 22 55 99 83 49 39 83 19 22 32 28 44
5 60 9 47 78 13
19 11 56 86 75 33 46 72 52 23 93 66 94 10 73 78 96 32 41 56
62 18 48 76 16 26 26 17 34 20 44 82 48 95 22 67 107 9 11 60 79 19 16 81 103 66 69 32 24 3 10 9 66 61 96 103 108 74 85 34 27 25 24 72 103 84 63 80 76 34 33 12 59 89 67 68 29 22 50 7 104 81 74
90 108 91 105 18 102 51 82 58 10 78 62 21 62 61 20 85 16 7 98 57 39 48 63 27 19 54 4 91 93 7 11 56 21 64 30 76 65 53 80 7 36 74 75 12 2 44 74 91 105 105 92 3 52 24 66 29 21 90 36 106 45 68 54 30 86 3 100 72 35 53 30 100 11 93 79 54 64 56 15 104 65 79 73 59 62 48 37 97 67 45
45 48 90 72 58 11 69 71 3 79 51 86 107 56 91 102 105 103 12 24 108 69 63 95 95 79 102 46 26 74 10 53 101 6 22 58 38 1 69 2 52 94 95 45 29 59
53 83 95 39 16 99 13 64 43 98 74 73 59 50 78 4 85 99 34 97 46 88 38 95 35 41 24 47 26 74 35 6 43 77 18 2 38 25 88 96 9 36 78 10 99 22 10 66 74 17 94 4 72 74
19 16 24 5 44 52 21 26 95 89 97 89 28 13 2 42 107 56 51 19
14 61 9 93 25 54 82 21 31 96 9 56 78 88 108
40 80 50 23 64 107 48 31 64 84 64 27 79 51 26 12 1 67 87 62 73 16 46 39 51 79 77 90 93 106 104 105 81 63 57 78 24 85 48 39 12
8 100 50 55 28 57 50 93 73
5 88 108 105 52 10
