5000 250
58 33 55 18 52 55 50 44 23 6 18 34 47 40 27 44 12 24 3 40 49 46 60 58 37 42 48 45 24 49 8 39 12 37 2 41 44 16 12 38 39 16 54 37 29 45 46 26 30 45 22 27 53 41 10 25 2 47 54
23 35 8 28 25 30 44 48 26 40 20 49 30 15 15 27 56 47 2 10 41 11 30 51
45 9 47 41 39 41 22 25 25 29 48 45 6 25 49 58 35 7 40 35 37 24 7 25 56 30 48 60 45 17 36 11 58 13 7 50 60 58 29 3 59 13 36 11 25 36
99 48 15 35 45 43 11 21 46 29 3 32 7 12 52 40 23 27 56 1 4 33 51 50 8 28 41 15 20 55 24 16 3 3 52 21 35 3 14 52 21 48 17 47 3 11 37 51 21 25 55 5 23 42 30 33 48 31 17 5 7 1 12 38 35 37 42 5 16 37 20 36 58 47 54 22 45 52 60 50 7 31 31 54 14 58 34 35 22 27 22 54 54 55 33 39 17 11 47 27
35 49 23 50 2 7 14 55 21 50 25 19 32 6 56 20 43 10 30 5 6 23 28 23 17 25 24 27 45 57 42 55 17 11 6 53
92 22 41 52 27 54 25 36 57 11 26 48 33 37 58 35 14 59 44 4 49 18 46 44 51 42 20 7 1 30 7 44 29 4 39 37 7 59 49 20 39 5 2 57 50 53 1 31 40 21 24 30 10 16 39 53 56 17 60 27 6 24 27 39 18 59 5 9 59 53 13 6 16 40 1 46 32 2 45 58 18 21 13 2 29 39 4 49 34 25 11 28 37
45 32 56 33 46 21 9 40 10 26 50 4 5 18 38 24 23 40 48 27 22 28 59 56 24 40 31 13 49 23 58 8 18 40 53 14 50 8 35 48 1 26 60 12 42 11
66 46 38 29 26 40 27 1 37 13 7 50 2 36 8 60 2 30 31 34 7 58 8 47 20 39 45 36 43 58 55 18 3 37 5 3 24 27 56 17 25 42 23 43 50 31 55 42 20 37 19 43 58 39 55 40 40 36 16 16 44 17 12 35 26 45 38
43 53 7 50 56 29 53 26 39 57 30 24 31 2 44 52 28 11 19 27 48 26 37 25 23 18 43 28 45 19 38 8 32 35 52 22 2 32 55 24 50 38 1 23
30 54 58 52 3 53 37 28 21 49 5 59 36 6 39 25 4 37 9 38 36 22 42 3 44 48 47 5 52 58 51
52 30 30 4 32 56 7 30 29 52 59 9 11 38 49 25 52 28 24 33 24 59 49 43 55 10 29 14 2 35 57 42 11 38 54 9 5 23 12 49 6 21 17 46 7 43 54 53 29 27 43 21 40
52 56 15 59 27 33 1 25 10 2 31 17 54 46 28 16 41 13 34 22 55 43 10 19 31 39 47 30 23 22 45 9 54 56 51 38 32 3 42 24 52 44 43 46 55 46 21 27 23 31 49 33 6
9 50 31 2 18 14 30 50 47 22
20 22 6 7 14 28 2 25 38 58 41 17 38 20 8 15 28 51 3 15 28
60 7 50 40 4 10 43 57 22 15 33 1 40 4 43 4 34 30 12 54 22 52 27 33 4 16 30 39 1 2 1 31 41 19 20 36 60 15 49 46 17 54 51 9 28 3 18 19 37 36 43 20 2 48 38 59 13 15 14 60 9
23 54 38 6 44 45 54 51 23 26 40 37 55 3 37 46 16 11 6 33 59 56 20 7
12 5 39 20 60 14 18 55 42 48 57 38 37
72 52 19 31 53 32 12 39 18 53 15 56 43 32 27 10 16 24 41 54 22 10 19 32 12 4 28 19 52 9 10 20 56 19 57 40 1 28 6 47 33 34 34 12 35 36 40 37 38 46 59 24 35 31 36 22 14 49 5 13 4 59 25 43 49 17 43 57 36 39 49 28 42
68 35 4 37 1 37 28 45 38 27 24 25 58 5 28 57 58 43 5 33 34 32 47 45 11 8 15 21 56 48 16 41 34 26 20 25 39 34 55 22 5 22 47 17 22 20 1 2 43 43 9 25 52 40 18 38 19 40 19 40 50 30 38 42 32 23 7 1 57
57 40 3 20 31 22 55 34 16 40 25 2 50 30 31 29 33 27 19 29 24 25 19 46 40 60 2 39 51 37 9 8 13 18 24 30 50 44 48 19 43 34 36 8 6 18 4 41 20 10 33 19 38 21 48 11 58 45
7 45 56 44 4 14 51 51
49 55 46 54 4 10 3 21 48 8 13 12 13 60 1 3 4 31 46 11 32 47 42 36 30 56 42 25 56 25 4 19 38 3 48 1 36 28 18 18 37 36 8 16 26 42 20 5 31 26
42 8 58 42 10 42 10 48 36 13 56 52 9 33 35 33 38 10 12 52 11 13 25 46 6 23 29 42 17 59 15 44 7 39 14 39 30 10 47 18 28 18 31
23 5 59 21 22 59 1 49 15 26 2 43 10 9 56 42 47 41 58 55 34 58 52 43
84 55 18 9 35 34 49 25 45 37 45 24 23 59 15 2 1 30 13 26 3 25 45 45 2 5 54 13 56 50 1 9 27 54 21 2 39 36 49 35 38 48 51 42 44 5 28 40 52 32 6 55 21 17 26 4 14 39 43 31 14 26 38 17 14 54 3 9 26 46 9 2 20 8 45 20 5 50 51 45 43 47 2 47 56
59 4 5 33 29 42 40 49 14 37 60 15 25 18 53 52 32 6 39 13 4 51 6 51 42 59 30 30 56 54 23 7 20 15 12 42 23 13 45 13 41 32 10 26 55 28 58 28 45 2 59 33 3 22 20 25 6 45 60 2
57 13 40 50 37 8 1 27 30 44 15 49 1 11 22 9 33 30 48 13 5 31 1 58 32 26 14 52 57 43 24 14 38 25 39 6 19 49 17 30 18 10 21 31 41 43 3 54 17 8 44 45 38 24 57 7 28 44
9 31 55 13 52 27 36 45 21 44
48 55 13 8 51 10 60 29 34 45 10 35 29 46 37 28 4 11 4 53 31 27 9 54 7 38 19 5 23 31 43 22 10 40 32 3 21 6 33 16 29 41 52 22 49 28 11 20 56
30 51 44 55 11 21 1 28 12 30 12 16 54 40 53 29 50 50 19 53 10 24 32 60 44 33 37 17 48 54 56
52 17 6 9 35 51 40 52 26 20 15 1 43 30 38 29 17 13 15 13 26 31 37 7 39 38 33 55 48 46 30 22 15 8 52 12 16 10 40 44 26 18 5 57 60 31 10 42 4 41 47 52 28
89 29 7 35 39 13 31 2 52 32 15 16 21 51 2 34 35 54 37 16 43 20 17 12 34 43 20 46 34 3 58 31 48 43 9 4 2 58 33 18 26 19 47 42 8 43 42 50 16 4 23 31 13 59 59 30 47 6 7 57 51 8 43 19 16 33 30 25 26 38 43 14 48 23 7 17 21 2 57 13 53 12 52 57 55 5 16 28 8 9
3 32 60 55
91 6 42 52 2 4 18 60 60 22 23 8 42 9 47 54 28 53 38 6 56 17 44 31 32 16 20 35 55 53 58 43 13 15 36 5 40 59 39 51 55 21 26 17 35 11 40 11 1 9 56 43 13 29 47 58 21 4 59 39 51 27 38 10 3 12 43 26 30 59 17 43 2 56 21 39 35 11 44 41 9 49 32 1 34 53 3 48 48 51 25 6
51 34 17 28 7 49 26 50 38 36 26 20 15 53 40 58 1 25 23 55 44 11 8 17 27 50 39 37 1 12 45 34 25 60 16 31 52 14 18 52 3 15 2 56 27 40 4 44 25 10 15 53
51 38 52 21 9 44 2 5 2 33 17 21 55 7 17 15 34 4 44 44 33 19 2 12 18 19 1 56 47 47 41 37 1 17 37 11 1 4 40 43 45 1 22 7 16 11 13 58 28 58 6 20
98 42 32 33 30 42 53 55 31 51 2 53 6 53 49 38 14 18 47 13 35 22 35 16 45 50 45 35 50 59 9 4 22 53 59 10 34 32 11 18 36 37 56 45 42 33 15 40 11 28 57 10 60 45 11 21 38 32 44 23 21 40 35 18 59 15 6 31 40 20 31 33 43 44 43 42 14 37 22 39 27 42 8 41 18 34 22 22 21 51 60 25 16 45 55 20 46 20 44
30 17 18 10 54 29 53 52 15 45 43 14 53 20 51 46 31 56 36 15 15 40 47 35 48 59 16 29 6 22 23
66 15 41 49 22 40 37 6 56 41 59 57 26 33 11 41 45 47 14 45 37 18 41 13 27 13 25 2 43 37 14 59 59 41 57 8 7 18 12 12 36 29 60 25 60 40 31 40 21 60 47 51 25 3 3 15 59 13 30 47 14 33 23 59 45 3 16
37 11 33 49 36 39 26 49 49 45 50 49 36 36 39 28 40 27 56 24 8 31 17 30 36 8 57 4 9 52 33 29 32 5 3 60 53 29
94 56 3 46 50 8 33 48 47 25 38 4 47 2 23 50 44 56 10 30 10 34 18 48 38 47 40 47 21 30 21 26 53 25 28 24 22 5 27 14 18 40 57 54 9 2 56 3 36 55 1 53 42 55 14 57 29 14 41 3 13 15 25 58 46 59 30 54 9 52 8 10 52 5 12 27 5 39 27 30 16 15 19 4 26 4 16 25 12 22 25 48 24 55 21
71 33 54 23 29 40 44 10 39 6 5 34 46 49 23 47 20 5 21 15 9 2 59 22 34 12 14 31 7 6 44 44 44 6 56 27 9 21 40 29 26 37 20 2 44 32 46 50 25 22 53 28 11 39 53 30 41 16 35 30 57 12 57 36 54 55 6 36 3 19 23 8
73 13 51 5 50 55 45 15 20 13 21 2 59 28 51 19 17 17 54 51 11 3 37 21 38 8 29 16 60 58 20 56 57 35 18 28 30 13 2 54 10 25 56 1 9 20 4 18 33 57 4 40 14 21 18 25 1 5 57 41 12 59 17 47 14 10 55 32 59 21 12 43 7 22
60 60 1 33 8 35 55 48 36 12 25 53 23 59 12 5 14 50 48 38 23 1 7 53 46 4 14 13 34 22 34 37 18 3 40 45 53 24 30 56 48 18 29 58 24 28 14 53 52 14 28 43 39 57 8 48 34 20 37 52 55
43 3 39 31 14 4 44 4 25 49 15 11 7 37 34 37 35 39 57 28 29 52 55 17 29 52 8 51 26 22 6 51 44 50 32 42 12 53 37 51 19 23 35 14
36 28 54 40 58 10 34 51 9 9 24 54 1 33 36 6 22 36 2 32 52 60 58 21 53 31 14 21 13 46 7 4 16 12 47 9 14
3 13 30 23
82 22 17 40 43 40 8 20 55 29 28 27 54 8 31 20 47 16 28 5 51 57 54 3 19 7 42 29 51 39 1 38 53 42 3 30 37 19 33 17 36 11 3 24 55 44 27 1 56 10 34 24 8 32 51 49 2 18 6 20 1 51 4 23 28 20 20 57 30 55 14 48 54 22 19 25 34 1 24 52 40 27 59
63 40 59 47 16 5 54 43 38 21 32 18 7 25 3 57 32 57 12 53 27 43 36 32 43 24 52 55 1 40 43 36 12 49 32 58 55 58 13 45 23 11 60 17 5 14 41 5 38 46 15 44 37 38 31 56 38 41 25 4 9 41 7 35
8 55 9 11 48 32 5 51 30
5 7 4 26 9 6
46 47 42 5 60 1 1 39 14 24 17 28 6 59 26 17 60 22 7 53 12 47 2 51 7 42 42 56 31 1 54 23 51 38 43 16 23 38 7 31 55 38 37 48 22 21 58
82 45 16 23 2 54 14 56 25 10 48 58 24 36 60 23 31 54 58 3 31 44 52 53 5 38 8 36 57 17 34 25 47 18 3 23 30 37 48 3 35 57 41 3 5 34 13 21 11 51 22 41 49 44 37 5 24 3 45 46 1 37 54 45 2 42 32 19 31 39 15 24 15 12 38 39 20 4 20 32 16 9 36
74 18 41 55 3 46 8 6 54 3 5 15 18 59 1 13 10 49 3 3 16 8 35 39 11 11 31 7 12 51 13 57 17 39 24 30 3 36 25 32 54 54 46 42 13 7 17 17 52 18 3 29 30 40 27 17 46 52 20 15 13 12 39 33 8 48 40 11 25 39 18 6 7 58 48
94 20 34 26 4 19 53 40 60 20 30 14 42 48 11 43 17 48 30 26 19 21 9 58 13 12 30 17 42 58 2 35 4 35 33 19 58 10 49 7 23 52 4 49 56 37 55 55 43 16 48 33 32 56 22 3 37 17 10 57 56 39 31 28 58 44 46 30 32 59 32 55 3 37 6 50 14 56 16 59 15 48 1 32 31 56 39 10 34 29 9 28 31 17 37
86 10 38 29 22 55 55 5 46 11 23 54 5 1 52 23 40 1 51 18 56 20 39 20 53 42 52 25 46 27 44 1 48 55 28 48 13 35 18 3 14 60 35 12 35 2 49 45 24 47 44 23 1 23 54 18 27 28 29 29 39 15 43 36 38 52 45 7 47 19 33 8 19 19 33 55 13 27 52 60 56 38 10 6 50 42 24
42 20 33 7 39 17 11 4 32 4 37 26 42 31 1 25 58 5 53 43 10 48 52 18 52 1 17 40 47 40 42 53 48 27 45 28 14 40 17 7 15 33 54
21 57 52 23 40 33 34 47 45 36 25 53 2 33 7 36 21 1 15 6 26 33
61 16 12 3 16 42 49 47 56 35 29 4 13 32 40 57 15 15 60 29 8 55 54 46 26 11 26 50 6 15 25 23 41 48 8 57 45 17 47 41 20 2 4 12 49 44 1 10 45 25 40 58 55 35 58 17 4 42 20 24 7 7
92 39 51 5 14 25 21 60 11 4 24 34 4 9 45 22 56 42 21 23 46 20 29 33 40 6 35 59 44 19 7 6 19 34 8 31 12 11 43 32 6 58 53 51 41 7 51 33 13 38 10 20 23 17 43 37 54 30 34 2 24 43 17 28 20 36 46 43 37 42 55 2 14 27 58 10 52 9 5 47 25 28 11 39 4 17 36 44 36 9 4 32 26
80 43 59 51 32 52 24 10 49 1 45 47 3 12 30 13 3 22 45 6 47 46 42 44 1 10 12 51 29 21 28 35 4 7 10 28 20 22 3 25 52 8 43 11 45 46 23 31 36 25 43 40 30 3 56 17 39 33 42 13 10 15 42 25 16 23 34 50 1 27 25 34 3 26 5 4 41 56 35 48 19
64 5 44 15 31 9 27 26 41 53 15 52 37 56 50 50 54 9 47 47 53 10 41 45 55 43 26 59 8 14 56 54 36 17 18 16 52 25 19 57 17 19 18 8 42 20 26 14 60 57 10 46 40 10 50 37 41 37 41 31 10 53 3 55 49
9 37 25 23 42 56 49 40 60 59
40 20 15 60 25 37 50 39 55 36 5 30 60 21 50 11 42 56 36 49 41 46 50 6 46 44 8 46 40 51 31 23 20 58 39 54 51 33 57 17 24
65 54 17 44 46 13 18 52 29 21 38 20 29 45 48 17 6 40 60 35 38 7 35 12 18 10 48 4 5 15 38 15 5 12 19 14 17 50 51 54 27 15 17 6 28 5 7 28 6 31 38 50 8 59 1 37 19 12 15 40 15 8 16 43 20 25
61 11 47 23 22 50 32 38 40 12 43 59 50 23 46 13 3 37 37 24 8 27 58 16 50 41 25 57 1 49 5 41 58 2 54 56 51 22 47 13 38 50 30 11 34 1 33 16 47 54 50 31 30 26 1 16 5 6 51 7 43 34
67 21 30 33 26 59 13 34 31 59 44 44 54 25 7 56 37 17 13 32 41 53 17 11 9 30 32 7 50 18 43 16 18 7 18 12 28 26 5 34 46 48 15 10 59 59 20 23 14 46 9 24 45 15 13 24 58 23 49 43 14 4 20 59 21 8 15 44
58 35 11 26 54 51 2 22 56 12 17 27 22 30 10 3 56 49 40 52 5 41 6 3 59 4 2 22 31 2 35 59 43 50 44 22 2 59 52 10 33 53 49 16 49 6 20 33 45 22 35 15 1 25 42 35 32 55 33
15 37 7 12 58 33 26 51 3 3 11 17 39 60 14 24
29 7 33 20 34 6 19 19 58 60 36 59 54 54 53 51 3 23 11 57 14 35 25 47 43 38 3 36 50 20
19 36 45 43 21 55 47 15 2 44 13 54 28 31 38 29 59 24 25 23
28 42 16 44 25 29 39 36 56 20 21 34 37 43 20 34 17 14 18 29 38 31 12 7 34 31 30 42 37
99 17 1 56 56 10 42 4 33 57 43 11 50 7 37 39 15 40 8 50 15 53 11 60 24 32 43 50 28 25 16 2 13 17 40 37 40 20 1 21 53 46 60 4 32 9 24 60 9 51 26 12 47 25 24 6 49 47 60 44 41 33 30 41 30 7 47 38 17 35 32 45 11 46 13 49 56 4 21 11 33 54 17 30 36 44 53 3 40 22 24 47 8 20 55 17 56 3 10 55
95 35 29 9 12 42 49 49 7 20 48 20 54 11 55 31 34 34 60 40 45 29 7 31 27 1 16 28 59 21 1 28 35 32 2 23 59 33 46 29 10 45 60 13 47 41 39 49 25 1 30 8 23 18 4 47 1 35 37 28 56 24 49 21 56 34 36 10 45 29 47 27 15 23 59 41 40 28 56 18 53 28 5 8 23 45 8 39 55 36 21 29 30 13 6 21
82 51 48 17 35 57 18 10 19 54 58 51 26 43 6 11 5 31 42 20 19 12 3 28 11 54 59 50 52 24 30 51 47 1 12 56 42 49 48 48 56 28 12 20 57 1 40 41 2 43 1 1 48 31 26 27 39 21 39 11 5 26 55 53 6 22 9 51 46 28 44 21 49 46 6 26 49 47 5 56 50 10 33
44 22 31 12 42 53 12 37 19 50 52 59 20 4 24 18 31 33 24 31 8 56 60 38 48 19 16 47 19 14 34 23 51 51 6 55 5 11 35 21 50 56 28 12 16
74 19 46 2 23 41 60 3 22 2 42 13 26 56 12 24 12 33 20 29 5 11 35 21 2 50 45 29 17 4 7 44 18 44 58 58 56 55 59 54 30 48 41 32 7 52 41 49 3 42 37 54 29 28 37 50 25 43 52 53 2 51 51 50 10 46 37 16 51 32 9 6 43 1 39
67 18 25 30 1 47 25 52 31 58 37 51 6 1 9 47 40 4 22 25 38 47 26 25 54 12 22 51 52 21 35 38 31 50 54 53 47 59 7 39 20 7 20 47 55 11 10 34 12 47 43 28 10 3 29 15 13 58 4 44 26 27 20 38 6 41 46 39
86 30 54 47 54 56 2 22 47 59 32 13 56 44 27 2 27 5 34 43 60 20 57 19 13 47 27 29 36 36 15 20 32 44 31 31 45 42 50 46 46 29 20 13 42 40 13 4 18 60 17 17 37 44 25 46 35 23 55 58 34 20 48 18 54 41 42 9 10 11 46 7 59 57 8 50 25 18 33 3 10 9 1 50 57 28 50
90 25 14 48 22 26 14 30 16 49 18 23 4 44 47 15 21 18 26 14 5 10 55 21 10 42 32 20 21 3 30 25 1 15 1 57 34 33 55 47 2 6 46 21 47 10 47 58 16 18 1 46 6 34 35 52 56 13 28 4 27 33 44 35 8 30 7 32 56 32 36 50 7 48 15 33 38 14 39 30 8 54 15 28 50 25 21 33 25 31 51
25 44 44 22 52 48 7 39 38 45 9 1 21 15 8 43 5 60 53 55 12 41 20 6 15 26
55 34 12 54 35 54 41 11 32 57 29 44 53 32 18 9 47 17 60 32 48 57 52 27 51 60 15 38 59 3 43 60 46 55 31 3 8 9 43 7 43 53 20 10 37 26 5 13 50 7 41 22 36 5 3 38
22 23 55 14 55 17 45 6 44 11 51 28 40 42 35 24 26 44 43 25 30 34 10
91 38 10 53 5 20 2 46 50 12 41 23 59 30 23 2 5 41 48 54 28 43 9 25 56 10 11 25 18 20 21 54 16 13 51 21 29 58 21 28 19 8 60 7 14 40 47 7 32 48 60 43 32 2 10 1 11 43 2 58 47 13 35 10 33 49 18 50 20 22 16 10 60 37 13 10 49 4 37 49 45 20 28 30 19 58 6 23 36 40 17 56
91 23 52 56 18 27 57 40 23 45 6 49 53 13 47 15 43 51 1 58 8 39 45 22 12 6 41 50 23 13 29 18 17 56 24 51 1 45 12 30 46 18 55 37 37 41 1 28 37 19 35 26 40 32 39 36 49 25 44 32 5 1 29 30 28 23 46 51 15 49 59 36 54 24 14 44 45 24 6 45 7 41 30 41 11 22 12 39 30 20 60 5
73 27 42 13 24 57 3 52 20 34 31 50 32 5 19 26 29 48 40 41 3 23 11 24 53 11 34 55 57 40 26 37 42 30 3 28 22 20 27 19 21 40 33 48 13 50 22 33 11 16 32 20 2 24 21 56 44 59 36 27 6 8 33 54 8 37 3 14 10 17 60 52 58 23
92 35 27 47 10 41 35 32 48 31 49 46 26 29 37 26 54 33 42 51 11 26 2 37 28 36 44 29 28 60 27 37 57 19 51 50 34 14 35 45 37 47 33 8 36 10 8 37 38 56 4 50 51 27 33 23 5 26 23 24 22 38 8 58 47 26 34 45 15 55 9 26 4 37 15 54 15 14 12 45 19 50 35 42 23 6 53 55 40 23 40 8 22
78 36 53 23 22 42 42 59 35 53 53 3 7 49 41 52 50 9 54 50 53 55 53 35 33 3 52 6 58 59 25 45 1 16 27 27 21 25 18 53 7 7 22 43 41 58 48 50 36 24 7 18 8 57 55 46 15 24 55 40 43 49 12 36 33 27 16 48 19 25 18 55 45 10 42 1 54 16 19
39 33 47 48 50 30 44 9 49 29 18 17 42 10 7 9 18 40 35 38 28 25 14 41 25 49 58 56 1 41 12 16 14 52 23 7 19 3 30 34
37 34 33 5 41 7 46 26 45 7 13 12 55 46 28 49 26 60 36 50 9 22 56 31 31 41 29 17 4 59 31 13 60 4 23 8 30 13
100 25 5 20 5 23 19 51 35 5 5 4 6 58 40 47 19 56 25 7 29 12 19 37 16 13 20 60 16 44 24 30 57 38 53 19 9 51 31 42 36 52 53 21 56 2 42 5 47 17 27 13 32 26 11 35 13 16 37 43 34 19 10 6 59 57 30 30 2 58 51 48 55 4 47 46 7 59 24 23 51 15 56 3 3 34 38 60 20 19 44 25 47 28 19 40 21 58 57 12 27
55 36 23 18 44 52 46 53 45 21 16 53 8 7 13 37 46 1 31 1 41 6 12 48 5 18 34 55 25 33 13 30 21 50 13 50 14 52 3 5 48 2 16 48 11 14 38 7 24 6 42 21 4 29 50 37
54 3 51 31 18 32 15 50 16 13 54 36 39 47 14 38 39 52 15 37 1 51 23 6 44 18 19 37 10 39 31 11 44 56 52 19 4 2 26 18 25 46 42 38 39 25 58 13 30 37 51 53 17 22 47
42 44 10 17 34 37 4 28 46 43 56 51 20 27 55 29 45 23 18 15 56 8 55 44 47 37 52 50 17 38 27 4 13 18 13 34 55 10 10 41 10 2 24
60 55 17 41 14 58 39 48 39 41 14 52 57 2 34 21 35 12 25 60 2 60 17 39 39 30 60 44 28 10 59 13 25 5 14 38 32 54 40 54 15 9 24 54 49 41 3 60 14 50 13 50 28 7 23 40 20 51 36 17 24
28 56 3 18 53 9 5 44 27 22 19 60 28 28 9 22 41 2 32 13 50 45 2 36 16 4 11 51 42
29 8 56 20 11 45 39 1 20 51 17 31 60 59 42 45 21 47 12 49 43 55 29 28 5 22 6 47 54 47
38 24 49 1 40 39 17 19 10 32 54 51 18 22 53 46 37 31 29 56 47 39 53 14 2 13 21 42 15 24 29 26 22 29 55 29 25 30 24
51 47 50 31 52 21 46 6 45 29 37 30 27 37 46 1 11 40 6 22 29 1 38 37 60 35 3 16 28 55 48 52 13 19 19 52 45 50 45 29 15 7 40 22 2 15 32 20 54 47 58 1
22 25 13 51 35 23 32 54 24 58 3 51 60 26 47 10 22 36 30 32 52 27 49
84 22 21 48 21 48 22 46 2 35 24 6 26 7 34 55 40 49 19 2 20 28 2 6 21 34 26 26 45 15 56 53 31 11 19 51 59 45 35 12 51 49 6 28 29 47 9 41 1 24 29 47 5 34 23 42 46 16 7 47 56 60 6 22 4 38 4 42 3 8 40 46 55 45 55 49 10 13 28 9 38 4 18 34 33
42 48 24 48 44 53 42 47 48 5 5 39 32 53 5 29 10 16 20 47 34 4 50 57 40 49 55 49 60 44 57 23 41 5 21 55 6 53 59 5 14 10 35
52 6 29 26 19 59 1 34 4 1 55 41 44 45 14 23 12 31 57 18 53 45 52 6 27 55 20 44 32 28 1 41 46 37 43 50 40 13 28 51 54 15 10 29 35 21 52 50 52 51 38 2 19
31 49 10 10 40 9 3 20 22 29 28 25 51 31 42 20 6 17 36 27 28 41 50 31 25 29 58 8 17 27 39 54
41 3 28 45 34 60 36 9 1 42 32 37 38 2 6 30 55 47 19 53 33 39 54 59 24 36 30 59 53 28 54 28 35 27 29 28 16 3 60 55 29 49
55 15 38 50 31 25 3 27 28 48 43 56 13 13 37 11 21 4 16 37 29 19 59 41 20 25 15 18 46 38 3 1 60 21 19 9 6 42 48 11 42 47 25 21 23 53 31 21 3 23 20 14 11 20 23 46
68 57 24 17 40 45 13 10 33 48 49 43 33 41 42 14 6 10 6 54 19 23 39 18 41 16 22 35 35 32 37 38 41 12 52 16 43 60 60 23 21 9 52 46 20 35 25 28 60 59 33 25 19 4 38 37 44 34 44 16 21 57 29 18 12 36 55 56 35
85 31 33 25 29 8 44 57 38 59 1 51 36 32 53 47 49 34 12 13 47 44 41 55 59 24 30 59 4 52 12 32 36 4 2 13 50 32 41 42 13 54 52 1 11 47 53 13 32 60 16 2 16 48 39 32 47 16 1 8 2 44 52 25 31 11 18 34 30 30 7 25 31 46 35 23 57 28 38 4 13 38 10 56 49 55
45 38 7 20 24 2 16 5 8 47 35 34 39 28 5 14 32 20 16 20 5 8 56 23 7 24 4 5 57 40 51 2 50 57 36 52 30 5 35 9 50 31 29 22 42 12
34 14 44 11 22 59 44 9 16 6 11 42 40 35 32 49 12 32 38 59 16 16 49 57 28 26 16 45 7 54 5 43 29 48 54
26 48 28 8 3 27 1 1 5 6 36 59 38 29 53 50 4 9 55 1 44 46 16 5 12 21 34
48 55 39 25 60 59 36 5 32 20 12 38 36 1 9 56 7 23 5 17 25 8 4 11 56 16 30 39 24 54 15 27 14 55 23 41 40 45 55 25 12 30 24 6 7 2 3 53 7
72 40 45 50 54 59 59 9 3 54 26 22 31 59 43 40 55 11 32 2 3 46 8 29 7 25 18 31 14 42 41 51 14 38 51 8 47 19 22 46 17 44 48 43 1 19 58 5 22 3 59 31 18 25 35 51 24 14 24 34 23 57 18 49 48 3 59 22 31 58 39 21 50
22 39 38 32 28 22 32 44 26 11 14 27 48 39 52 13 42 5 28 44 16 56 5
6 11 59 60 23 49 5
67 1 57 21 13 55 43 24 35 16 55 23 46 22 12 52 43 30 23 41 40 58 1 36 37 35 8 30 31 31 42 5 36 21 28 31 59 29 41 59 58 27 17 35 57 24 25 57 37 26 46 56 59 35 22 36 14 17 17 46 35 44 42 11 7 7 13 20
1 59
4 2 16 53 36
94 39 53 5 30 28 11 30 10 45 6 51 58 39 11 44 2 1 60 39 37 26 9 18 1 11 43 18 45 49 59 46 23 11 35 42 32 34 1 39 11 2 32 28 32 19 46 35 16 58 12 33 52 28 29 45 29 12 24 27 2 22 52 30 23 20 40 19 26 50 45 20 41 13 55 42 26 26 43 45 44 13 32 16 36 10 30 60 26 32 25 5 31 49 13
6 56 43 22 24 31 4
10 53 10 46 14 33 40 31 54 30 20
94 11 20 24 52 31 32 20 36 5 23 7 23 44 17 49 37 37 58 25 25 44 15 23 52 18 55 42 1 49 18 38 16 1 30 49 25 31 16 24 52 11 31 39 13 36 15 21 20 9 13 53 42 56 52 52 21 51 28 42 51 42 45 59 22 10 55 48 58 26 47 28 55 18 12 38 53 7 18 11 8 25 59 10 10 46 53 45 50 36 10 6 9 22 52
12 25 37 3 27 20 40 2 46 37 40 48 57
31 55 6 14 29 49 2 30 39 18 6 34 35 49 1 20 18 46 14 31 14 40 24 41 28 41 36 6 20 42 8 9
70 44 56 35 2 60 10 27 47 49 5 21 23 5 40 31 1 57 38 7 34 46 12 9 16 31 29 6 30 3 43 35 50 18 59 53 59 42 17 35 24 9 23 26 51 26 46 20 26 21 25 35 33 14 54 20 20 52 36 45 6 50 7 49 25 14 50 37 49 56 50
11 12 5 34 49 54 9 39 40 36 49 43
97 48 35 28 57 2 60 53 6 19 41 53 36 40 36 24 33 46 34 4 35 32 59 2 1 57 27 15 51 29 18 38 16 25 4 6 54 12 28 23 50 13 57 36 13 49 43 28 5 36 17 3 10 2 47 41 30 38 34 41 33 8 48 43 19 34 55 48 43 4 27 21 55 19 17 14 21 1 10 45 29 6 11 42 5 40 20 31 47 13 24 26 59 12 58 19 14 15
52 42 12 54 36 8 18 40 2 21 53 58 2 52 24 25 53 42 40 35 37 40 26 36 45 26 12 20 38 14 28 15 48 3 51 19 39 2 38 55 10 27 11 41 48 10 25 12 2 56 33 46 54
47 32 19 60 25 24 59 23 53 27 19 34 10 48 60 28 38 59 21 55 46 52 38 26 9 53 51 16 34 27 24 31 29 44 18 52 59 23 44 49 12 54 22 53 57 53 37 47
69 52 13 17 30 4 31 35 47 39 30 45 22 48 22 3 17 55 54 6 3 22 28 43 56 5 48 56 18 42 23 11 14 57 6 43 6 58 11 45 50 3 47 14 22 49 30 33 59 18 30 56 11 14 60 56 23 4 23 3 60 37 20 10 43 43 23 44 19 51
69 29 51 58 4 45 15 15 12 22 8 16 52 14 11 14 38 58 52 9 19 6 14 33 35 4 39 18 59 40 39 5 7 16 20 11 41 25 34 38 22 42 34 44 3 15 10 48 8 54 49 58 41 6 47 30 49 25 15 28 5 4 35 50 50 37 18 22 19 14
99 32 12 49 36 18 48 52 16 22 14 11 55 44 8 20 18 35 5 56 39 16 41 6 37 58 9 14 60 36 1 36 50 11 33 30 21 30 33 44 54 54 23 7 13 23 2 34 14 36 34 28 49 4 21 26 52 4 31 32 20 60 50 12 15 42 55 50 12 33 30 17 57 19 52 17 9 35 58 53 40 7 8 12 15 48 32 21 52 12 37 58 21 3 19 57 27 4 17 13
60 31 20 58 29 8 17 1 10 42 39 30 59 33 29 25 7 53 24 43 19 6 53 10 11 43 42 37 3 22 52 8 39 45 3 10 47 55 30 10 53 6 12 50 36 11 30 13 49 4 39 26 4 36 7 31 40 39 57 21 46
92 19 20 6 14 39 16 23 36 58 26 10 33 39 4 20 11 38 57 10 50 17 6 38 42 28 50 28 27 48 60 38 38 26 47 7 34 48 13 54 9 25 43 47 18 32 41 28 43 25 37 10 55 17 1 28 31 55 8 34 55 27 6 35 48 29 13 44 18 10 55 44 34 18 34 46 41 34 31 19 32 48 46 23 3 30 60 24 23 25 51 34 36
80 34 6 20 31 45 38 7 11 9 27 57 49 25 30 5 15 10 50 2 54 19 7 16 1 30 53 3 24 24 31 25 17 28 56 39 19 26 16 60 44 58 55 59 23 48 53 22 8 10 34 10 27 11 18 13 59 18 11 30 59 12 31 2 13 58 35 32 11 53 57 16 8 7 28 55 7 55 11 12 12
64 36 43 26 11 43 23 23 36 24 24 10 51 55 11 3 2 47 54 29 56 7 51 17 29 7 33 36 25 45 13 12 31 20 57 3 44 44 58 4 31 14 17 8 2 14 25 58 21 35 50 28 45 30 8 42 29 34 43 42 9 25 6 54 55
61 24 16 40 46 23 25 30 28 2 33 49 14 13 25 20 30 6 1 53 54 58 59 8 7 53 42 22 35 41 36 52 27 27 50 1 19 5 14 29 2 21 8 37 40 49 34 9 39 1 32 49 56 8 38 54 3 25 42 52 35 6
49 38 45 2 57 43 27 18 48 1 52 48 28 1 50 55 12 31 40 26 2 19 32 29 30 19 21 7 17 35 53 37 13 1 18 20 15 51 47 45 20 51 16 8 20 51 48 4 18 29
42 23 36 13 32 34 45 45 52 18 12 52 49 17 19 1 59 27 53 51 60 24 20 51 1 27 22 55 37 60 22 43 41 21 39 40 13 6 42 40 45 28 40
32 60 22 38 48 50 60 55 22 30 20 8 23 29 4 31 39 36 22 22 49 8 24 40 26 49 58 24 19 33 14 10 52
25 47 54 1 49 31 22 16 23 2 40 55 24 56 14 32 44 8 35 18 2 26 4 49 18 6
78 58 25 30 50 19 44 3 22 2 18 41 34 18 46 43 55 4 36 37 7 16 32 23 57 49 34 53 57 37 59 17 41 40 25 29 40 14 51 58 7 46 48 54 2 9 25 17 12 1 5 45 6 58 38 3 39 35 60 12 13 39 23 25 28 7 18 27 17 12 19 19 43 32 13 9 37 51 16
63 11 30 50 2 37 44 34 51 58 8 11 7 51 22 27 49 55 45 20 20 17 52 13 2 11 32 46 60 20 24 43 31 43 24 42 24 22 40 42 5 57 1 59 48 34 22 20 25 36 54 3 3 27 29 50 32 50 17 13 26 40 50 42
38 39 21 5 30 47 20 9 8 31 1 41 20 54 27 16 5 47 48 30 29 41 51 27 42 28 36 52 17 36 44 43 29 52 30 18 24 42 19
68 53 51 40 56 39 45 30 20 27 20 29 39 36 18 44 32 10 17 42 54 28 46 55 4 5 54 24 37 7 43 20 28 59 32 41 8 26 41 44 58 44 8 12 11 13 40 44 11 30 53 3 10 57 22 15 26 53 13 53 37 1 34 50 29 47 42 56 27
30 29 4 45 58 41 50 47 29 59 53 55 55 3 57 26 17 53 45 59 23 58 51 11 38 20 49 51 56 34 50
65 56 50 20 2 8 13 15 52 22 48 16 52 39 17 43 54 41 54 48 43 42 3 4 23 22 38 59 42 58 40 31 24 29 49 4 60 4 50 25 5 19 14 51 34 17 45 42 22 40 26 16 54 47 24 20 57 59 2 18 58 50 57 60 47 30
94 57 34 36 21 10 43 9 3 24 54 2 10 32 54 27 17 2 13 20 16 25 50 26 46 36 30 20 36 4 31 47 3 19 32 2 32 49 26 54 26 31 44 14 44 52 10 41 4 34 30 42 7 40 58 29 4 1 1 34 28 3 21 1 51 26 60 23 17 21 49 54 27 27 12 11 2 23 1 27 27 4 16 11 42 10 14 54 57 26 24 13 13 28 46
99 42 43 31 17 25 29 51 28 26 22 40 36 6 49 36 3 20 42 22 16 36 54 52 23 55 19 52 46 31 59 30 21 28 20 29 48 17 33 30 38 58 50 45 48 45 37 31 13 52 13 59 7 45 43 8 50 49 29 19 22 39 3 21 16 31 33 9 34 57 22 5 52 26 14 60 28 33 19 55 20 30 48 28 2 21 17 41 1 53 39 36 57 21 30 49 8 50 31 30
86 60 56 39 22 55 41 51 35 35 4 29 47 8 57 54 15 9 42 24 17 49 19 27 29 49 59 4 48 46 20 9 35 54 19 18 50 59 58 42 37 22 29 46 2 8 11 54 32 3 7 30 23 12 18 20 40 4 50 36 16 30 48 13 53 33 35 11 31 4 47 8 26 24 5 38 29 36 27 20 19 37 6 53 50 52 41
76 39 42 14 55 44 27 11 56 45 1 13 46 36 43 11 42 45 29 30 46 8 23 45 51 54 54 31 37 43 15 45 32 6 25 35 27 58 53 9 40 47 35 14 22 49 32 15 23 21 60 9 40 31 49 42 6 46 22 20 60 24 56 53 29 19 49 43 52 13 14 56 6 14 40 34 37
35 56 56 19 52 54 51 7 17 31 11 36 32 8 11 6 12 37 2 10 7 56 33 46 54 23 49 43 8 54 46 20 41 20 7 42
41 9 46 45 50 56 20 58 21 24 52 33 46 1 12 47 32 4 18 58 37 2 19 54 53 8 34 57 42 15 41 11 32 47 30 17 32 30 35 39 8 31
83 25 25 47 42 43 37 56 32 30 2 14 32 55 21 22 36 46 14 49 19 54 28 40 44 2 58 53 56 25 35 51 25 5 54 30 4 34 46 15 8 33 58 19 4 3 21 12 2 32 32 34 56 51 51 55 9 21 52 20 1 41 13 26 59 54 11 10 20 13 5 52 46 42 3 45 24 24 7 53 37 8 54 21
81 24 59 33 38 21 37 24 15 15 33 9 7 21 7 14 43 49 52 48 20 53 16 31 54 24 57 12 47 50 50 18 53 53 10 9 43 9 47 56 15 31 15 21 50 45 58 2 31 46 35 48 30 41 6 36 10 15 19 55 56 28 58 20 49 37 8 29 35 16 48 56 25 36 57 46 30 15 45 41 57 51
75 32 15 57 58 56 53 9 49 20 25 46 41 12 21 5 4 48 1 37 49 8 48 51 57 29 22 52 17 50 41 16 50 56 60 8 50 8 16 11 39 5 40 26 16 41 51 16 31 39 39 45 56 1 40 45 15 48 36 3 46 38 17 18 29 24 21 47 51 9 22 18 55 57 52 52
73 19 34 31 53 7 2 48 44 40 28 13 58 38 49 44 47 44 60 29 22 47 24 51 23 22 13 40 36 17 38 32 15 31 49 14 2 17 7 41 51 45 22 60 22 58 1 11 19 55 53 56 37 51 53 39 32 22 8 37 20 5 17 28 6 3 27 5 27 35 28 38 12 9
87 47 58 31 6 41 3 8 23 35 31 18 42 28 24 45 18 2 29 47 40 13 29 14 19 20 57 46 55 12 14 15 25 50 39 45 54 36 58 29 34 26 47 7 20 31 59 59 53 55 12 47 56 8 34 23 34 35 3 29 59 44 36 39 19 21 2 58 26 31 41 49 54 6 15 15 18 9 57 21 51 1 52 25 56 4 27 16
1 37
26 19 12 53 56 13 2 51 34 7 52 51 37 26 32 33 54 35 6 42 10 60 60 6 54 12 42
31 45 31 9 14 45 7 57 19 14 1 12 41 9 47 9 56 1 34 28 36 37 47 22 30 26 22 8 50 53 24 24
19 38 28 35 6 28 60 8 12 40 1 45 25 50 10 44 34 3 60 57
64 14 29 57 39 10 41 10 16 21 39 8 24 54 57 50 51 60 58 44 47 35 60 9 16 60 57 1 3 42 57 49 25 46 18 21 36 54 4 53 44 34 5 22 3 25 42 38 19 32 18 48 16 54 40 52 60 40 13 48 5 31 18 56 13
30 41 20 27 32 43 23 39 23 34 58 43 10 55 18 35 4 59 13 48 43 17 36 56 25 44 47 43 4 40 31
64 48 35 52 55 28 23 23 41 33 53 43 33 8 50 44 1 22 28 56 49 38 19 25 41 56 25 12 59 30 12 13 1 45 15 16 57 45 5 57 50 25 25 48 35 15 10 38 47 21 51 28 15 21 35 28 24 38 41 51 16 53 56 8 25
1 49
34 44 22 40 47 2 41 3 54 58 18 52 17 46 27 17 41 17 30 6 5 44 56 11 60 17 31 60 55 43 34 9 57 55 26
100 26 18 24 7 50 55 52 28 3 17 9 10 2 33 12 38 34 45 2 12 7 3 46 39 16 7 22 7 59 41 12 35 49 12 17 44 29 49 35 37 13 22 27 30 56 42 42 20 60 21 8 11 29 12 55 35 16 17 56 29 7 6 43 40 48 4 28 23 34 59 37 29 2 50 5 15 36 14 37 51 22 49 27 10 28 18 31 38 13 31 55 35 31 33 40 60 22 50 34 33
49 5 11 28 33 53 34 12 30 59 32 33 26 25 36 27 2 40 41 31 36 15 36 35 34 57 8 21 36 9 8 32 3 32 2 12 3 14 12 37 42 9 52 47 22 41 37 20 3 2
53 7 18 28 43 33 2 59 9 7 45 25 25 40 54 1 14 43 12 58 11 47 46 51 47 26 58 6 20 17 48 5 48 37 25 18 22 24 43 49 7 7 34 9 46 15 49 4 3 38 14 34 32 22
6 28 15 7 51 51 10
62 14 19 60 36 40 29 12 16 25 5 20 50 59 57 51 9 9 24 44 27 22 39 11 34 43 33 15 54 7 24 40 30 39 46 24 3 22 41 41 2 11 17 57 43 14 56 50 23 1 12 17 53 30 44 28 11 41 14 22 31 55 49
5 14 37 20 3 6
15 55 27 54 33 19 32 7 40 39 34 52 17 28 42 52
49 18 22 42 41 8 42 17 50 37 7 41 28 18 5 5 49 60 5 5 58 60 58 12 52 15 6 2 18 42 43 60 20 7 41 19 20 31 33 52 46 60 59 52 49 31 40 45 24 37
17 36 53 46 34 11 21 43 13 56 21 41 45 18 1 26 6 45
19 40 45 60 4 5 3 6 25 13 11 46 11 8 42 25 18 45 49 42
77 45 58 31 33 41 2 34 11 35 48 40 44 6 10 20 8 7 59 19 50 56 46 12 49 29 47 36 27 2 18 20 50 43 43 10 21 40 12 26 28 13 40 53 55 34 31 42 59 40 41 51 48 54 12 39 24 7 37 16 57 22 55 29 11 18 8 31 18 9 28 45 46 10 57 4 50 7
35 29 38 2 41 3 28 4 40 42 22 13 33 27 27 57 38 42 12 15 34 11 36 23 33 4 35 57 1 4 22 35 5 52 23 53
37 23 40 7 3 16 13 27 5 6 53 44 8 25 60 22 39 8 27 60 41 20 5 30 42 17 25 53 7 52 53 37 4 7 12 28 39 26
42 19 10 7 39 38 23 28 39 46 57 2 42 32 59 47 32 21 60 42 19 26 59 47 54 47 31 33 19 9 55 19 43 18 37 49 50 23 60 2 58 50 10
19 36 15 3 56 49 40 11 12 56 40 38 21 8 26 20 45 44 26 48
14 48 51 59 7 59 42 49 4 20 30 12 13 34 26
91 21 46 12 27 55 20 20 34 43 10 47 8 3 20 42 21 7 14 49 46 53 23 32 36 1 57 42 21 24 40 3 35 12 9 56 51 2 11 21 48 42 16 25 5 52 42 21 14 58 3 29 26 41 30 41 19 32 18 43 10 52 6 3 24 58 45 24 17 36 43 15 34 52 16 15 42 50 1 33 39 41 37 50 25 12 32 10 36 40 4 60
50 36 4 54 44 4 5 48 21 15 16 1 22 5 8 47 37 3 14 53 29 5 12 58 33 13 30 52 30 11 27 7 30 49 7 51 29 10 55 3 46 36 12 11 50 44 27 3 36 23 52
94 59 58 12 22 14 6 3 5 20 39 19 51 30 19 39 13 36 57 55 39 45 59 13 46 34 22 16 38 21 31 6 57 42 59 23 60 57 1 16 43 54 45 33 28 52 16 44 34 37 58 22 12 48 10 30 49 5 2 53 1 34 11 21 8 19 30 6 58 4 21 5 3 12 59 46 39 54 7 48 33 32 40 43 1 27 27 54 43 60 58 35 41 19 14
47 28 54 19 15 25 3 5 33 34 53 44 28 49 16 37 40 38 46 2 1 17 26 21 22 18 12 26 54 3 22 13 47 4 13 36 32 8 16 48 17 12 44 8 45 59 60 34
94 6 51 18 16 23 27 12 41 23 43 50 25 6 46 47 15 31 7 49 28 25 6 27 31 26 19 60 18 10 31 10 57 4 48 21 45 41 2 1 46 21 51 12 34 44 60 3 37 39 21 59 9 1 27 9 10 37 8 20 24 8 41 45 23 7 39 52 27 3 23 57 52 9 31 30 30 6 46 32 13 37 45 18 38 36 40 41 35 46 10 51 50 55 11
36 4 40 20 43 2 42 19 41 50 3 42 59 30 1 45 3 24 24 49 7 42 39 52 47 4 31 60 5 20 60 6 56 59 27 44 44
57 54 2 11 58 36 8 34 38 19 38 34 33 3 59 44 22 15 56 22 23 48 46 59 14 20 24 38 37 10 40 2 38 22 52 28 11 33 40 39 3 46 42 24 8 55 23 19 55 41 19 2 58 20 31 21 58 37
39 22 49 7 47 55 18 22 16 38 33 58 4 19 15 40 14 37 2 56 55 42 40 53 39 11 52 21 14 19 22 33 45 12 30 40 6 22 40 59
66 40 14 32 30 27 16 56 15 39 51 10 51 1 47 38 46 36 25 32 25 32 57 59 4 57 57 58 46 8 60 14 22 20 3 58 57 17 45 38 55 8 18 52 49 22 23 44 23 18 1 52 34 47 8 6 22 34 55 33 48 58 5 54 58 6 25
59 24 30 7 16 35 26 25 41 16 19 33 45 3 8 9 5 35 59 44 19 26 16 23 3 23 38 19 50 44 7 50 38 58 23 43 25 57 10 52 23 27 11 40 48 19 12 28 9 14 41 8 46 48 32 27 18 36 57 51
10 15 49 56 41 29 57 53 60 20 12
90 24 20 5 45 28 26 13 24 8 46 19 37 56 13 49 15 47 54 40 5 51 18 54 6 33 51 55 2 44 18 10 41 21 31 43 36 11 35 37 43 48 34 5 50 44 12 58 54 29 15 40 20 39 8 36 29 35 10 44 19 50 52 18 42 44 46 31 9 27 55 15 46 8 2 50 52 39 28 55 45 7 48 8 49 58 14 47 56 24 6
48 50 20 22 53 35 4 43 41 24 47 3 8 43 36 41 2 42 60 5 53 55 8 59 32 17 30 9 24 48 46 50 36 51 14 41 29 34 31 18 28 19 32 5 29 38 15 32 44
47 42 48 17 24 24 2 51 2 55 42 42 27 10 26 32 11 29 36 21 32 47 5 41 17 56 3 54 14 14 1 55 25 14 16 52 49 54 48 30 40 24 31 48 3 20 18 38
89 30 16 50 24 17 41 22 38 4 10 52 52 58 47 48 18 45 25 5 21 53 40 21 42 14 31 26 43 33 21 37 20 20 56 36 41 42 28 45 47 36 2 6 45 35 57 17 51 5 38 52 48 8 2 59 45 49 58 1 40 36 1 7 46 13 15 45 34 50 4 34 18 40 51 38 57 54 3 45 51 38 1 59 3 32 9 34 57 54
60 8 26 36 6 51 55 19 34 11 49 36 11 37 20 19 40 1 10 59 43 19 39 58 6 34 11 42 58 47 34 40 5 49 56 8 30 29 20 35 55 17 48 14 41 6 10 12 33 6 35 28 30 7 54 51 22 49 40 5 41
12 9 59 5 5 41 26 44 2 49 17 51 50
29 36 13 21 30 11 7 41 7 38 9 28 8 44 1 51 57 17 40 30 11 41 4 29 34 43 35 51 2 5
47 45 26 2 21 25 43 2 60 37 43 43 54 42 49 21 7 24 14 43 56 30 52 41 33 20 3 13 16 40 6 26 40 10 1 34 2 32 13 45 54 24 44 49 27 38 51 24
37 42 34 51 30 3 59 14 7 18 26 27 12 26 31 26 40 42 51 33 51 51 18 19 54 16 48 2 7 34 3 55 40 15 22 2 52 37
15 37 20 36 16 11 36 31 50 58 49 12 10 36 8 42
92 30 3 30 49 32 25 22 16 13 10 14 27 26 52 34 15 11 19 4 55 52 24 16 56 54 6 17 25 22 35 59 37 9 9 59 41 35 28 42 16 53 9 17 60 5 53 13 17 18 7 36 13 8 23 47 11 23 44 19 22 13 29 44 60 24 45 9 50 29 51 9 38 52 46 22 17 11 45 44 41 28 45 20 53 40 28 34 26 18 15 19 46
57 25 6 45 20 13 2 11 23 46 14 48 27 36 37 40 21 58 21 48 5 1 34 42 57 55 50 30 24 42 29 24 20 19 30 43 31 42 51 58 21 38 13 46 40 28 17 4 16 22 36 47 20 35 21 46 40 59
44 12 44 41 52 41 23 5 15 51 15 45 27 53 9 26 2 36 26 40 4 9 16 22 5 32 10 44 16 32 39 38 45 54 19 41 20 54 28 52 12 60 21 59 30
18 42 46 11 6 14 3 56 60 10 14 55 17 44 56 23 17 3 24
47 55 52 21 23 12 37 47 3 39 15 52 3 44 28 23 39 33 56 12 11 16 26 20 9 55 57 54 53 60 60 5 6 22 12 22 37 6 20 44 3 43 35 36 33 28 15 21
24 55 24 57 24 54 59 6 23 60 49 20 7 50 17 1 19 21 9 42 12 9 54 35 39
61 31 14 38 32 46 10 11 43 10 27 26 54 25 9 55 11 31 18 9 20 44 57 34 8 31 19 46 29 29 44 49 59 18 11 53 53 45 27 60 20 39 6 40 7 8 27 43 13 57 54 16 48 6 31 32 44 15 1 34 60 49
86 30 19 53 44 25 57 19 20 46 51 20 45 3 28 44 35 50 17 22 34 44 30 24 28 37 38 23 28 46 40 28 33 40 60 24 34 53 16 36 12 29 30 10 42 1 60 53 42 9 59 59 47 50 59 42 12 47 16 34 26 52 59 52 38 40 35 18 43 30 2 48 36 41 40 45 53 40 38 9 39 14 43 34 53 51 51
46 22 49 5 47 47 5 15 34 59 22 2 23 30 21 35 30 54 6 33 48 8 59 18 34 10 34 18 6 30 25 57 1 30 25 20 12 43 28 22 3 43 38 14 59 40 15
84 38 27 6 6 46 17 26 40 41 32 10 21 42 10 54 48 43 49 43 15 48 18 58 18 14 46 23 28 43 25 53 33 20 11 19 9 40 51 27 8 39 5 19 1 6 55 53 29 14 8 5 38 10 36 20 37 47 15 11 12 40 11 48 27 51 22 15 32 50 11 7 53 59 24 33 57 22 44 44 60 37 44 18 13
68 2 18 40 45 37 23 37 17 16 2 7 21 31 50 14 45 3 41 10 14 17 47 31 34 48 36 18 50 46 17 16 41 36 50 6 5 52 55 15 51 43 32 37 14 14 3 35 47 12 55 54 49 53 55 51 30 59 55 54 55 4 40 15 60 33 41 12 3
93 37 51 45 13 30 37 4 38 6 6 26 43 35 22 47 12 7 14 10 59 3 20 37 10 35 11 10 14 23 20 49 35 33 55 49 31 25 47 1 19 10 12 49 15 52 59 47 39 9 18 56 12 20 45 3 55 46 16 7 43 2 34 53 59 32 10 54 8 54 10 30 54 56 29 10 41 1 46 41 21 13 30 20 32 34 47 11 6 22 58 22 49 8
97 22 59 3 52 30 24 10 56 31 55 35 44 40 2 57 35 20 48 4 24 43 60 49 43 53 31 16 17 1 18 30 2 60 11 17 47 47 56 25 40 55 9 21 25 45 32 38 44 57 46 28 8 43 3 56 6 60 29 42 52 5 33 38 13 12 26 4 58 60 2 42 11 20 49 5 12 25 39 51 43 9 10 19 57 59 16 47 3 54 56 48 57 35 48 40 48 24
37 51 53 15 20 15 31 20 27 8 26 13 53 38 8 39 49 42 6 42 35 37 29 4 27 39 23 58 21 60 11 53 36 27 41 34 22 47
43 38 55 46 40 50 6 27 32 38 28 22 2 36 9 36 6 2 23 36 25 13 47 19 21 42 2 56 10 32 52 16 32 40 7 16 52 21 4 29 6 22 60 27
82 8 41 6 22 12 47 54 36 37 38 46 32 9 51 31 9 16 30 38 46 7 13 38 55 11 33 4 7 55 4 35 58 58 45 28 15 46 14 27 33 34 47 20 37 50 36 47 2 46 31 17 15 34 60 57 28 43 41 56 7 50 30 55 38 40 7 55 43 37 57 41 23 28 15 18 59 11 26 18 29 14 57
15 37 5 53 35 15 36 16 30 60 59 18 13 29 19 16
9 38 13 23 46 39 39 56 10 10
47 11 10 1 31 40 2 60 7 8 49 42 54 9 56 2 30 12 4 23 9 24 2 37 2 54 37 5 57 12 42 46 34 16 46 17 23 35 30 35 12 6 2 34 31 31 16 33
44 4 4 45 41 36 49 55 8 36 12 49 42 37 50 53 28 56 51 13 50 5 57 47 35 48 32 31 54 30 20 25 46 59 50 4 34 36 58 51 20 35 15 41 19
5 11 42 31 47 33
69 23 58 15 41 57 41 8 7 13 25 26 51 34 8 7 3 34 35 49 47 44 51 31 7 53 42 28 5 40 49 4 59 10 26 51 13 38 1 7 16 51 13 42 22 7 58 37 8 24 37 16 15 36 18 13 50 8 56 30 11 7 31 51 30 48 50 59 40 43
14 13 34 39 53 52 58 9 30 60 16 6 43 48 54
82 1 35 47 44 9 35 35 54 14 21 59 47 60 10 22 36 24 42 51 10 60 29 41 30 30 59 23 1 55 26 6 17 31 19 6 41 16 43 13 13 45 17 13 57 46 60 46 8 4 3 16 44 47 31 3 52 33 23 22 14 7 4 40 2 38 55 2 58 38 41 21 18 48 44 46 59 49 48 11 2 51 46
12 28 50 29 27 52 13 29 37 39 35 3 50
11 28 15 56 38 33 10 53 18 8 14 28
43 11 1 6 19 21 44 7 28 60 22 15 46 59 48 51 27 8 52 40 18 50 19 52 27 10 7 19 60 26 29 39 22 36 22 35 39 48 40 14 52 32 42 31
6 17 58 23 35 9 45
87 7 38 48 56 12 30 38 28 8 43 13 18 23 24 54 39 56 33 7 40 31 47 4 45 2 23 21 9 59 55 40 42 21 53 30 34 29 21 56 2 18 11 5 11 17 53 51 43 33 46 56 46 3 20 10 31 9 32 37 58 60 36 52 28 21 29 4 22 5 22 21 42 46 14 57 21 32 36 21 7 6 55 56 27 24 36 3
69 34 22 17 21 18 42 11 2 20 23 48 54 39 38 46 36 43 55 14 32 20 15 40 43 59 3 51 15 7 17 8 33 44 34 28 40 37 45 33 3 39 27 4 17 21 36 6 24 50 13 46 4 3 2 32 1 3 33 56 10 8 15 20 33 38 31 18 3 2
100 2 56 58 21 32 21 44 30 46 41 43 52 1 11 51 12 43 2 19 37 42 32 25 30 24 34 43 30 51 29 26 34 25 41 51 28 51 26 44 17 30 13 35 47 58 45 44 13 33 39 19 7 20 34 5 9 17 52 4 14 29 5 33 13 35 8 25 2 34 50 21 46 2 3 30 19 44 57 31 20 5 22 59 42 14 37 50 15 15 17 3 26 24 2 6 49 52 19 57 57
46 40 4 48 50 35 22 34 41 49 59 11 50 34 8 25 32 31 27 30 15 20 37 46 23 21 54 39 39 54 44 51 8 19 19 54 41 58 22 34 26 43 12 1 11 49 33
43 46 55 40 20 7 34 32 43 56 14 36 55 2 28 8 50 59 22 12 52 26 26 44 37 27 45 17 50 47 54 60 22 7 45 21 6 19 32 8 52 12 2 35
18 7 46 14 38 55 49 15 5 4 55 3 2 10 12 38 16 6 13
46 12 19 51 33 10 33 46 13 24 25 9 25 3 4 56 12 29 34 29 36 59 15 58 52 3 60 19 14 49 50 54 34 27 6 3 48 31 58 24 40 34 39 8 38 15 14
80 41 26 52 38 27 31 2 40 42 49 1 44 13 19 34 17 27 53 1 54 60 36 58 59 57 5 18 3 14 19 34 51 25 27 38 22 56 45 22 31 14 12 44 14 42 4 39 25 4 12 56 48 43 48 6 45 40 58 32 56 52 60 8 5 57 10 27 30 46 57 8 35 29 24 48 21 4 40 33 7
40 56 31 45 21 21 32 1 57 47 49 52 23 10 15 35 13 27 58 44 24 48 17 17 52 50 3 53 31 2 11 47 15 14 29 44 47 10 7 12 34
57 8 5 15 53 1 16 17 17 37 14 9 24 35 26 44 8 14 47 17 43 59 22 12 51 46 30 59 21 46 28 49 55 34 7 37 18 57 32 26 18 29 39 32 51 25 8 17 6 35 55 53 23 23 50 20 26 17
97 20 3 37 9 48 12 59 46 57 8 49 37 4 28 54 46 2 29 6 38 7 36 18 21 3 50 38 13 5 43 10 19 33 26 20 21 8 53 45 9 48 46 18 5 5 32 35 39 29 38 4 13 15 13 20 44 58 13 48 46 20 33 59 30 29 13 9 41 55 44 43 36 32 50 11 42 5 15 28 16 59 19 47 50 18 34 44 54 24 22 27 28 7 14 15 44 36
99 56 44 51 47 49 20 48 36 5 19 6 29 5 24 11 53 3 20 10 7 52 6 45 5 29 36 32 34 30 11 16 38 49 40 2 59 13 42 42 34 33 35 6 44 15 36 16 4 53 53 48 57 20 53 17 31 35 60 47 45 32 24 10 58 19 51 44 40 3 46 43 43 31 43 15 26 51 35 15 8 18 10 23 24 32 57 10 17 13 40 14 55 13 42 54 11 45 42 52
66 12 9 31 39 1 41 14 28 31 46 30 29 43 49 21 1 52 1 56 55 59 8 55 15 57 5 6 22 23 18 12 35 16 24 4 33 48 9 50 15 1 11 35 43 51 27 55 30 19 4 43 54 39 5 43 17 43 49 59 10 41 37 48 18 60 14
22 21 19 10 29 35 4 57 38 39 46 35 42 1 40 50 1 51 59 40 53 49 32
94 17 29 16 21 2 39 31 45 54 60 25 9 30 31 15 5 50 15 6 15 36 17 17 19 32 4 14 21 1 36 9 1 40 27 27 4 60 48 10 42 59 41 17 54 22 36 21 10 29 45 41 27 30 23 8 10 19 48 44 30 52 45 45 60 48 31 38 38 6 44 40 59 4 12 19 19 38 60 33 18 28 1 8 58 59 7 38 3 35 35 36 38 32 14
48 42 60 60 11 46 56 3 8 35 29 27 29 55 7 13 4 60 27 43 30 8 47 47 36 60 22 5 30 51 54 24 53 23 19 1 30 30 46 48 1 37 35 28 10 34 60 9 51
27 24 2 57 14 44 8 59 17 12 39 11 3 45 39 56 2 47 12 9 18 24 26 14 60 15 42 41
45 44 51 9 60 41 42 52 2 36 4 34 19 1 58 38 38 26 9 60 24 13 6 54 25 19 47 37 55 60 9 9 27 30 57 44 35 18 50 32 28 10 3 12 36 19
