5000 100
88 118 116 15 6 82 129 38 117 29 76 112 8 131 131 111 40 41 91 30 10 32 61 48 60 13 150 126 43 47 135 131 4 126 150 16 117 121 23 119 18 28 73 136 44 55 12 71 75 7 36 54 51 50 60 12 92 21 79 60 72 146 18 98 69 68 122 5 41 65 96 135 130 139 41 148 78 102 106 134 62 112 138 145 62 113 41 47 53
8 46 144 68 111 33 9 51 35
32 64 100 80 130 86 79 149 12 83 59 58 5 8 142 76 79 121 98 146 75 81 89 111 39 17 73 9 127 116 71 87 73
48 135 28 104 43 121 82 68 90 61 105 72 127 38 3 71 112 65 116 127 73 11 21 140 73 32 120 122 79 138 61 120 54 14 92 86 51 32 36 123 105 84 94 142 134 108 107 48 105
42 9 60 10 70 122 103 138 137 72 143 66 22 121 61 76 23 149 101 37 55 41 95 35 95 77 10 113 21 18 99 107 63 102 39 49 15 147 120 45 30 80 60
16 27 48 2 149 108 119 127 52 47 26 47 139 76 49 131 38
4 68 16 81 19
81 10 29 3 45 62 42 80 84 90 17 135 89 52 35 23 60 15 112 113 93 43 116 117 136 149 21 122 35 83 115 68 140 84 133 32 146 83 70 86 18 79 79 81 67 109 136 103 63 95 30 62 109 30 88 4 40 66 118 125 139 90 139 16 82 140 59 1 105 140 84 16 93 90 66 25 112 110 28 17 75 39
41 122 109 82 15 2 82 73 96 96 136 34 43 13 136 86 6 88 56 114 16 19 13 115 103 74 38 102 50 94 31 76 47 139 80 88 72 144 96 95 52 41
78 52 148 139 136 35 18 71 112 11 51 48 76 79 36 12 115 36 99 42 1 122 69 142 15 66 31 4 135 68 80 88 140 135 148 128 107 150 101 57 81 7 62 81 99 83 131 33 70 22 7 38 89 22 91 134 63 148 109 101 53 7 81 100 66 7 83 110 82 21 29 133 75 127 47 4 67 10 20
49 19 62 121 118 76 11 89 135 110 5 1 119 43 92 37 23 91 135 44 102 60 17 105 77 126 138 19 5 69 104 99 147 63 43 19 33 47 5 76 52 35 24 57 46 101 64 47 29 121
75 24 25 56 45 19 55 123 140 106 146 114 110 79 93 129 137 10 14 70 116 110 118 62 52 7 110 91 93 137 71 93 135 97 45 121 41 92 127 70 82 118 60 94 110 2 65 112 91 146 61 87 121 26 66 127 136 95 131 97 13 65 119 145 38 48 10 61 128 69 146 15 56 10 123 141
47 63 35 15 148 12 93 135 24 61 2 124 80 39 33 73 137 139 54 145 12 9 116 93 132 25 40 120 57 145 23 95 104 27 131 44 11 131 99 144 142 65 102 143 20 89 121 29
71 36 23 114 118 140 102 141 69 137 42 108 59 109 101 32 52 47 46 75 96 94 92 86 149 82 83 56 111 70 117 91 51 45 137 143 72 4 8 45 95 39 24 10 107 140 59 9 31 10 41 119 131 52 20 148 148 35 116 17 26 1 72 70 10 119 30 87 9 25 85 13
84 122 113 94 34 8 31 11 94 122 72 43 138 16 49 54 48 63 123 146 37 48 120 92 22 73 92 52 112 13 122 87 19 19 138 35 4 137 99 124 118 124 147 41 19 132 149 79 114 46 2 73 125 82 66 139 111 121 121 140 96 67 120 58 31 3 80 56 128 102 121 34 121 42 100 40 50 76 118 76 33 134 23 92 3
9 124 120 86 32 4 36 119 103 96
72 7 83 127 85 142 80 81 141 32 57 128 97 114 98 141 116 24 16 94 5 17 96 113 52 2 79 11 21 52 94 131 136 36 34 42 84 146 134 147 64 55 78 18 79 68 145 141 94 38 143 62 99 141 76 32 11 17 92 73 11 82 120 118 58 150 32 64 18 114 38 35 14
89 47 150 96 4 150 44 52 12 145 17 132 104 34 26 142 32 26 38 51 62 137 92 63 46 1 54 83 49 33 3 80 86 76 9 76 18 38 100 51 2 147 127 6 54 101 11 108 6 10 73 61 71 49 26 96 37 119 65 129 145 72 38 92 133 11 149 138 44 5 22 50 103 85 28 18 131 43 62 121 118 30 55 6 105 14 135 23 30 83
56 24 148 107 73 66 150 21 60 92 130 70 44 22 4 24 31 86 80 71 123 66 144 34 17 45 127 6 118 101 21 67 134 2 140 57 82 133 94 120 74 41 46 113 72 98 31 120 62 118 114 74 139 143 134 16 46
30 5 113 101 63 81 139 145 90 87 102 139 103 57 36 36 53 123 15 138 3 109 30 65 69 91 149 143 68 60 67
27 115 44 46 37 46 81 52 64 86 14 146 149 85 108 83 140 95 89 65 96 115 44 29 57 116 121 39
19 29 32 62 47 99 94 88 84 34 48 73 79 71 15 145 37 77 61 47
36 144 102 75 70 125 139 37 135 67 40 125 11 56 64 94 45 26 105 12 130 37 68 44 138 49 80 106 99 114 135 47 121 146 45 70 13
2 115 150
96 51 57 2 85 92 122 64 48 123 60 146 79 81 11 33 55 67 39 86 50 120 123 72 116 56 4 43 32 127 80 138 110 145 128 140 137 97 134 57 35 72 38 30 114 31 32 68 11 12 50 133 1 55 31 113 94 69 132 26 47 78 33 39 61 98 24 42 127 2 88 6 85 134 134 15 124 110 40 1 36 119 81 122 57 84 103 84 30 146 6 147 24 128 11 130 136
87 98 92 104 19 51 53 47 41 110 52 9 52 55 103 124 112 85 103 66 107 81 146 72 18 88 85 61 102 108 49 133 132 37 15 67 5 144 140 105 74 82 40 68 75 130 112 52 59 109 9 133 26 38 56 8 35 141 148 30 115 113 45 98 149 117 9 85 140 15 123 12 38 66 54 107 20 79 26 67 51 32 119 19 62 147 40 118
33 37 66 57 24 31 31 17 4 86 39 2 38 29 92 80 25 65 12 115 124 130 112 89 131 114 74 112 89 35 91 98 53 135
93 142 82 55 125 125 49 44 90 15 65 82 142 36 143 93 72 131 62 3 29 143 48 62 137 64 8 37 3 131 67 145 31 61 102 81 117 116 109 44 80 56 86 144 104 2 81 79 94 74 91 22 29 6 142 75 34 52 148 134 30 20 32 4 19 122 117 86 49 42 79 109 62 75 80 50 2 32 55 114 150 77 34 127 121 134 19 138 123 122 22 53 51 145
58 134 74 65 30 9 100 95 61 125 130 32 133 122 119 124 45 15 12 108 123 81 141 11 103 56 31 146 132 28 29 128 120 43 75 47 24 4 127 101 99 113 27 5 54 74 117 83 76 64 52 58 79 14 87 2 146 27 34
70 73 99 100 86 58 133 6 25 61 10 80 42 87 79 30 52 69 125 112 46 83 60 131 69 32 95 127 36 140 130 15 24 53 61 80 26 14 126 27 22 37 16 21 11 93 60 18 137 85 96 47 13 129 78 42 13 4 15 18 54 1 13 17 144 95 100 109 72 144 101
87 144 115 103 97 136 73 38 92 4 28 147 150 8 93 136 47 73 126 108 133 59 75 25 113 59 19 97 80 91 110 14 23 141 10 74 29 53 107 17 71 23 113 38 23 21 72 21 126 95 15 78 127 125 58 40 65 22 24 73 21 15 31 25 130 26 33 69 148 13 69 93 57 116 108 57 44 112 138 73 50 18 8 49 103 66 10 22
67 39 27 64 89 147 8 101 121 82 80 80 13 111 14 70 105 52 92 147 52 27 15 36 139 5 123 29 64 108 36 89 80 141 102 138 29 136 90 9 36 134 39 122 138 5 20 27 40 84 100 127 11 143 83 130 127 84 24 5 6 63 89 58 105 115 96 20
12 147 93 33 57 150 118 40 49 41 71 109 121
73 137 93 48 60 138 55 89 121 82 127 10 82 132 121 91 72 135 87 82 141 122 73 101 55 4 17 67 132 107 22 90 58 101 20 134 84 65 132 34 15 14 46 119 88 127 129 66 148 50 96 132 79 113 33 90 20 26 49 109 49 144 104 93 109 124 58 5 79 1 34 65 113 17
22 10 69 8 147 107 105 60 54 135 111 98 110 137 139 114 31 131 48 10 15 17 130
88 101 9 122 48 72 109 22 130 43 128 29 10 90 107 25 10 32 117 68 122 134 75 8 138 103 97 14 77 33 80 48 107 105 88 94 148 28 124 123 39 13 131 32 85 30 9 12 64 19 43 12 66 2 37 78 38 8 95 89 116 61 76 58 134 104 29 88 35 76 120 59 26 69 56 74 90 150 132 134 112 105 31 33 85 111 76 136 50
76 11 75 13 149 130 137 79 128 24 138 91 144 1 150 59 44 148 25 10 150 5 142 63 117 14 105 72 134 105 34 4 116 48 68 85 43 102 13 79 96 75 100 72 70 121 51 32 144 111 18 27 127 93 52 24 126 121 100 94 91 150 117 135 49 29 85 87 87 72 123 142 35 36 90 48 122
71 5 24 144 42 18 7 114 5 50 123 139 125 126 5 104 55 145 122 128 146 99 84 27 104 114 29 64 29 135 29 110 55 56 103 68 43 67 12 108 139 94 98 99 72 19 105 12 72 122 45 63 19 24 20 109 95 14 58 39 27 116 145 42 56 58 30 68 147 5 96 147
24 105 99 28 10 33 145 45 100 125 65 143 139 22 3 129 44 150 108 103 75 61 98 53 5
7 44 128 137 30 95 74 129
88 25 124 102 105 147 68 118 47 58 26 113 101 148 23 68 138 38 4 40 61 102 77 50 140 6 21 93 35 20 70 67 28 116 46 12 27 24 145 34 49 7 141 88 11 22 124 93 23 142 43 123 100 129 84 112 21 138 84 14 104 128 114 98 67 25 147 50 44 6 5 79 37 146 49 10 127 60 123 130 53 74 131 52 33 15 16 33 10
60 129 53 16 2 77 90 73 23 144 109 59 72 48 134 124 150 78 110 40 109 59 53 34 50 120 10 25 129 50 16 11 43 119 18 85 113 121 33 49 2 95 7 144 60 48 30 104 3 130 147 63 30 63 114 17 7 133 41 54 35
65 97 122 102 28 77 127 41 36 17 140 21 106 92 133 64 33 65 78 6 33 95 133 21 8 2 121 77 108 85 78 121 53 14 74 150 134 21 86 41 118 48 21 140 23 89 8 22 21 52 148 19 98 135 30 53 21 115 77 70 129 30 114 74 114 42
70 135 5 129 110 85 22 134 52 109 64 15 42 12 63 21 112 78 86 125 69 36 2 73 114 104 51 126 59 111 150 85 75 9 94 81 150 1 86 36 103 128 26 106 73 100 51 129 54 32 130 95 81 51 147 117 102 102 33 47 116 145 82 59 30 135 42 138 72 73 52
77 74 16 52 8 36 121 75 7 120 138 62 2 2 100 93 113 101 115 93 56 19 20 21 110 69 146 148 88 88 108 32 48 16 146 148 79 140 12 75 79 110 66 36 74 85 144 62 111 108 132 83 128 79 138 4 16 109 49 73 146 6 145 145 47 147 33 82 37 8 13 45 84 68 69 41 73 83
2 125 71
28 106 147 33 81 148 94 80 86 132 96 13 56 143 119 1 107 59 36 60 81 130 31 74 107 13 26 27 38
37 16 133 44 115 65 131 141 123 62 126 2 132 2 88 42 119 125 91 135 144 24 111 121 22 26 14 115 28 77 135 135 137 35 40 141 52 129
99 61 104 62 38 77 63 134 109 76 46 34 31 43 22 62 6 34 98 35 36 1 19 134 86 74 127 138 40 36 144 126 110 119 115 52 41 12 8 76 62 47 124 137 80 64 86 17 36 110 147 59 33 51 23 114 126 73 6 88 42 44 90 21 37 6 148 148 60 60 19 57 49 107 7 143 94 108 77 115 97 74 52 28 73 33 94 145 121 72 150 85 135 121 97 87 37 100 23 27
99 97 39 108 145 86 95 82 142 131 100 150 3 113 61 141 67 71 75 28 51 10 35 141 31 56 118 48 44 33 15 29 51 114 17 43 38 19 130 107 7 34 146 58 56 64 3 60 138 1 2 115 15 49 60 115 80 45 129 48 126 62 92 130 62 122 72 144 50 13 101 123 13 8 42 143 2 139 39 26 73 125 128 73 137 45 84 89 86 134 68 50 46 59 46 71 50 16 145 108
83 26 61 133 72 121 130 123 20 1 15 118 100 106 8 79 4 10 12 95 36 74 79 102 54 129 26 56 58 60 108 56 58 133 87 116 118 69 1 56 3 65 54 9 17 36 102 51 109 131 123 18 148 59 15 117 148 16 132 76 99 128 81 86 52 59 140 31 121 17 99 29 89 89 46 23 150 131 21 13 144 136 54 118
15 10 136 53 72 30 133 128 128 43 15 99 22 29 101 74
66 6 95 50 119 86 47 107 51 85 103 43 126 143 144 18 112 132 135 58 115 101 129 95 67 87 25 36 128 126 72 42 41 93 116 24 61 69 115 61 5 118 98 19 104 131 71 83 4 122 56 49 9 5 66 45 126 127 95 52 100 50 149 56 74 12 71
46 30 89 65 61 9 73 17 135 56 62 137 6 140 104 140 113 40 142 25 134 15 127 107 106 68 138 14 69 81 48 143 61 19 150 68 21 106 73 95 123 75 3 30 74 52 145
56 75 70 123 119 9 3 150 28 57 15 74 132 111 86 9 103 6 138 5 9 25 131 74 88 57 32 47 2 97 93 20 23 144 82 11 48 51 141 130 126 70 75 132 9 106 138 143 90 76 8 55 99 26 21 122 18
93 95 51 137 11 49 67 17 41 56 42 48 142 24 3 19 4 150 64 24 8 103 14 84 148 3 13 12 33 7 31 142 48 91 62 28 107 58 113 140 139 112 113 17 16 42 150 9 23 39 116 23 131 2 129 13 78 139 61 100 19 48 93 74 118 100 110 90 53 38 130 69 138 102 95 59 120 57 145 106 40 78 137 63 149 122 85 51 145 32 111 33 26 136
12 142 88 139 17 101 86 132 58 146 58 108 102
45 89 62 18 7 51 16 65 122 25 127 94 20 118 7 13 46 48 129 125 48 19 32 45 20 22 69 121 111 121 121 18 23 30 12 10 131 67 22 129 38 136 55 117 35 73
70 79 12 119 126 108 9 128 68 118 142 122 56 141 133 100 133 110 34 74 4 99 118 134 2 131 72 69 148 112 2 98 17 94 78 32 39 124 131 98 37 109 73 71 29 88 114 52 133 107 104 15 34 64 34 80 79 44 13 66 8 74 110 68 104 62 149 17 6 138 56
35 97 109 16 106 77 97 122 129 52 130 25 56 124 18 26 51 57 55 10 131 24 38 38 3 81 31 67 44 3 121 71 106 16 15 96
51 45 37 93 105 107 144 71 96 8 113 147 51 58 33 139 76 17 72 12 24 30 10 95 66 59 81 108 53 77 9 143 146 100 97 74 4 83 84 57 89 61 46 139 2 58 83 133 31 32 41 5
31 28 112 50 121 142 89 62 111 53 50 1 103 127 77 75 82 142 78 114 87 101 62 126 110 54 24 11 76 80 69 133
49 83 133 124 117 131 65 84 28 54 42 14 145 91 94 74 74 138 58 47 22 44 139 103 68 62 46 141 71 137 63 36 18 104 150 97 139 91 137 146 124 87 123 115 40 126 36 30 46 69
56 27 53 74 75 13 46 39 130 32 21 17 66 23 30 46 117 133 4 79 124 7 76 26 19 45 69 2 137 46 39 130 28 129 43 91 29 82 80 119 141 26 71 108 48 11 77 50 9 39 19 25 102 61 112 87 39
90 39 48 81 47 144 97 30 94 86 2 99 145 86 124 36 125 128 71 87 66 78 101 44 126 136 39 76 28 101 145 19 137 99 123 98 120 20 34 108 9 96 46 27 60 94 84 119 141 125 143 137 30 97 30 84 98 6 121 37 66 33 88 98 103 124 8 77 86 74 96 70 32 73 81 96 27 31 143 102 21 26 36 14 86 147 122 42 10 136 32
27 74 129 8 116 3 16 92 112 118 2 150 142 131 76 107 101 8 116 36 138 45 46 47 83 109 138 120
19 119 137 38 131 79 61 120 98 4 6 43 101 21 147 135 117 135 148 133
89 55 74 148 33 50 117 73 59 126 23 19 144 92 17 34 123 137 85 18 121 150 1 103 88 38 35 54 15 95 83 87 74 17 87 40 96 100 47 109 128 94 82 97 61 17 136 18 120 82 55 135 129 45 54 97 68 99 150 85 81 20 67 12 112 130 52 16 105 15 121 146 90 128 52 20 89 85 51 65 5 87 50 88 66 64 52 25 11 52
64 1 29 57 76 10 136 84 60 14 49 86 25 127 5 80 115 66 68 40 54 112 38 86 20 80 53 4 30 81 80 36 63 29 53 46 23 48 48 50 99 91 52 74 58 56 7 1 145 9 8 108 122 144 97 134 39 27 139 113 101 58 37 19 17
32 68 108 11 79 113 80 89 107 95 74 142 113 72 32 112 137 141 69 52 139 133 13 137 27 101 103 38 82 110 135 124 39
71 68 43 8 49 98 12 18 71 131 123 123 147 120 90 143 8 12 104 91 8 139 29 115 25 88 126 93 1 124 93 58 63 25 108 31 42 118 114 91 101 68 95 23 46 40 130 120 27 120 45 121 56 12 108 10 145 20 132 103 53 17 47 139 139 111 91 113 126 116 26 81
12 132 20 38 47 118 68 72 3 132 120 50 97
58 106 58 20 80 137 81 1 21 73 42 117 135 22 126 91 106 63 113 29 20 28 15 29 54 140 117 4 137 104 134 127 148 134 3 95 89 141 130 142 29 62 139 114 94 18 135 149 75 85 33 92 148 136 58 69 121 116 77
51 138 67 60 104 58 2 4 4 129 103 123 29 1 107 21 10 76 25 27 84 43 143 43 130 138 53 112 6 8 126 58 12 39 17 143 22 127 9 39 11 99 72 75 3 25 31 48 3 4 140 62
66 50 121 17 45 79 121 84 71 49 63 147 142 4 136 77 150 131 65 143 33 107 3 100 98 72 110 106 3 102 48 148 30 80 44 110 55 87 129 20 98 83 140 83 25 88 125 100 150 59 11 116 53 96 65 72 22 113 61 21 122 93 88 44 93 88 5
92 65 34 144 25 22 28 145 97 133 30 31 24 19 9 98 51 9 96 31 91 35 19 48 80 19 116 27 7 25 132 9 134 36 54 74 17 75 49 28 83 79 3 84 146 38 112 98 26 44 86 67 134 115 85 43 25 125 117 79 143 25 84 85 110 39 47 20 68 88 98 88 26 120 15 78 111 84 1 40 1 2 62 42 58 141 70 49 55 125 23 1 37
30 79 33 91 98 126 70 52 43 126 144 105 58 54 106 74 12 71 94 27 4 52 20 150 29 36 134 60 80 47 60
32 101 113 143 119 90 5 83 18 140 140 34 147 130 108 146 59 59 12 93 78 37 85 127 130 36 33 124 148 63 54 34 59
20 52 122 128 110 136 39 78 87 107 140 83 114 31 2 131 84 4 95 58 66
75 16 93 127 56 64 49 122 92 132 106 69 51 13 111 59 34 107 140 135 93 9 22 30 134 131 120 87 66 29 129 126 82 32 143 109 53 9 2 1 149 61 29 122 50 83 147 78 140 93 32 57 41 92 31 3 85 125 2 2 147 49 104 74 66 95 16 94 145 53 134 11 64 76 137 107
58 34 92 145 35 72 102 54 132 111 4 68 50 66 87 89 117 76 77 93 84 80 130 92 106 123 89 32 132 92 38 54 68 134 134 72 51 57 129 94 30 61 134 114 134 68 142 116 2 46 103 53 132 117 121 122 39 102 33
30 146 26 112 116 126 63 47 137 126 40 67 66 41 116 135 123 95 8 69 95 101 125 139 138 92 80 129 56 53 12
81 94 72 91 130 41 4 34 12 74 56 46 142 66 101 37 113 124 44 12 116 54 62 84 42 74 19 43 19 11 109 108 8 132 98 130 32 117 61 122 2 99 108 42 54 147 55 114 128 116 68 129 11 42 62 93 37 44 109 144 142 61 117 103 124 48 66 87 50 16 52 59 139 109 55 74 24 65 75 73 146 11
22 101 68 72 78 115 10 69 15 63 117 3 1 64 120 51 18 126 69 94 128 119 1
45 105 99 57 87 46 11 16 89 71 82 5 34 80 76 61 130 14 44 34 116 85 115 119 8 95 135 110 14 52 84 89 116 2 112 117 134 104 22 147 144 3 93 100 83 133
78 14 140 106 45 121 139 140 24 7 14 101 78 47 18 48 5 18 54 4 143 101 146 77 68 111 121 91 121 12 150 145 133 97 87 2 26 149 10 149 128 13 80 101 146 55 67 71 147 81 68 69 8 116 47 115 39 34 76 128 22 16 92 106 37 121 107 136 106 17 145 1 59 60 131 60 70 84 23
87 3 61 8 40 73 26 15 72 80 113 103 80 24 104 72 35 70 63 6 11 123 51 50 1 94 33 68 102 43 10 44 83 73 69 4 53 76 91 102 79 76 62 88 71 13 3 56 97 103 85 105 26 111 145 128 102 87 148 16 51 95 142 44 53 51 148 138 112 16 3 2 6 122 115 77 54 54 96 8 5 108 71 48 142 50 65 49
86 138 55 44 85 127 114 59 83 124 44 8 39 56 89 146 8 48 86 43 112 85 134 65 32 94 7 86 21 2 57 149 10 115 107 72 88 54 67 79 123 60 28 39 8 125 20 43 7 86 5 25 146 110 122 80 124 11 22 19 4 9 64 122 26 1 12 108 83 23 84 56 2 1 12 62 110 88 89 9 114 13 107 126 125 98 113
30 110 118 101 115 104 44 31 140 139 35 141 76 2 49 100 148 148 68 81 112 92 49 2 118 101 60 83 41 33 130
50 25 123 41 141 76 31 102 96 120 91 90 128 84 123 79 30 50 36 124 119 78 49 20 138 30 78 119 107 57 91 35 73 78 50 94 41 71 86 107 56 150 25 81 47 109 83 122 124 27 24
37 15 31 30 140 63 61 8 146 12 54 70 35 9 83 17 14 96 46 79 89 131 81 27 52 130 63 119 69 9 118 57 20 58 78 87 64 64
3 125 72 21
82 32 28 50 19 5 31 8 86 51 68 60 77 112 55 86 130 22 108 120 120 109 26 17 19 28 126 145 72 138 102 95 130 41 6 96 15 14 74 52 97 85 131 70 87 38 2 19 31 42 60 141 71 90 43 32 87 144 125 148 51 137 140 53 48 64 138 86 49 54 129 96 79 123 15 22 134 7 120 145 117 143 102
34 33 13 47 81 143 3 121 48 77 72 97 75 50 129 143 94 75 29 39 142 30 58 143 118 60 136 31 7 39 110 49 61 125 146
21 76 68 64 65 94 3 15 64 51 14 24 25 96 79 130 107 136 82 93 11 143
85 118 121 139 54 7 11 48 119 85 5 14 147 29 30 63 6 103 148 148 26 62 116 29 106 81 33 33 22 66 147 146 121 120 73 108 121 132 55 72 150 117 36 149 94 67 121 57 33 136 21 63 126 51 38 142 51 70 137 28 77 72 45 77 109 14 147 41 37 88 2 124 45 62 50 98 73 13 138 73 136 143 27 32 29 118
38 111 87 145 32 85 57 48 18 94 6 51 65 37 23 98 29 54 48 144 112 109 47 83 59 111 124 15 28 104 141 14 97 91 8 43 150 81 41
72 110 125 145 2 150 125 30 38 61 50 28 68 51 50 101 78 49 96 130 38 35 9 148 86 19 31 108 42 149 78 103 26 98 55 84 102 50 61 113 109 14 46 63 107 76 104 37 73 121 39 74 105 47 51 4 10 111 145 94 50 16 30 61 24 106 18 107 58 120 64 131 137
9 102 22 28 131 135 51 7 58 53
94 1 94 124 99 125 25 131 99 125 148 23 83 120 118 16 119 48 63 125 24 130 49 102 135 77 115 74 66 54 26 129 142 115 54 48 16 138 31 51 113 48 60 29 101 109 58 136 90 19 138 140 43 43 124 29 20 40 101 87 46 55 75 132 16 98 134 129 74 72 131 25 139 118 123 133 148 90 135 12 87 65 83 31 36 33 45 139 16 147 147 144 71 90 129
