5000 225
5 27 11 40 39 9
18 36 43 36 19 21 41 41 9 45 44 20 60 59 17 30 19 25 65
7 40 38 44 20 27 13 9
63 24 13 13 42 65 20 32 36 47 38 32 52 7 62 20 44 45 25 32 66 56 36 7 35 55 14 24 31 31 3 65 36 31 64 24 41 11 17 17 39 18 7 7 28 27 11 4 61 22 54 66 11 9 66 46 3 55 28 41 46 50 51 66
30 30 3 27 28 19 26 2 16 47 64 47 10 47 35 64 20 31 29 34 65 13 49 1 54 12 58 23 15 36 9
71 25 22 46 65 44 30 5 59 58 21 5 17 62 5 12 5 8 50 15 2 39 23 44 28 59 63 52 50 57 64 52 2 52 63 25 7 44 47 41 14 5 34 55 30 36 19 48 55 26 17 18 45 61 34 44 23 16 57 41 66 41 43 8 46 41 65 63 55 43 58 17
36 42 14 45 22 55 6 9 41 24 61 55 21 22 8 55 34 55 6 62 65 33 37 37 66 41 62 16 58 60 35 20 38 23 52 29 28
17 2 12 48 45 21 31 57 35 32 2 38 30 45 25 41 55 30
43 20 8 50 14 41 12 4 39 62 65 65 15 7 64 29 50 45 40 15 35 38 65 42 39 16 63 26 66 64 28 26 11 42 11 38 39 51 8 47 61 24 51 55
73 35 47 17 29 14 51 18 35 20 17 33 36 6 8 6 11 57 21 25 47 54 17 4 22 51 33 31 66 56 4 44 53 14 28 55 45 30 55 15 33 21 38 42 22 26 16 57 10 24 51 61 58 4 16 33 11 63 4 65 4 56 64 8 5 25 27 23 23 7 11 41 21 25
91 1 50 9 2 64 61 66 35 2 48 9 66 8 51 48 63 44 16 36 55 22 6 18 22 32 7 35 24 1 39 53 55 43 30 3 3 51 9 62 65 50 9 29 54 25 27 56 11 55 42 40 62 30 34 5 7 62 6 6 10 39 12 19 4 41 17 8 12 16 45 65 51 60 26 43 66 43 61 1 16 1 38 55 41 23 12 17 66 9 52 56
78 16 31 36 7 57 36 13 21 7 45 54 23 64 7 29 46 11 32 15 65 44 8 5 55 66 28 59 8 26 16 24 33 7 26 53 2 65 10 26 23 2 60 28 59 15 40 18 48 25 63 23 54 17 2 33 38 30 17 8 38 47 17 39 42 26 19 62 44 34 62 49 27 28 30 4 63 41 11
53 16 35 16 43 4 13 22 55 8 4 18 66 65 60 39 6 3 61 15 62 29 59 47 25 30 49 45 45 4 66 59 22 46 49 55 24 24 38 50 40 64 11 29 18 52 40 17 45 6 17 25 25 41
29 43 10 49 64 65 16 12 28 20 29 17 23 7 65 20 16 57 38 42 34 28 55 30 42 13 2 38 17 42
86 30 64 41 42 30 10 56 15 52 64 49 17 31 15 46 10 17 15 30 50 63 21 51 24 7 49 56 18 25 19 61 32 39 60 46 32 40 58 62 44 3 24 52 40 19 48 12 35 62 18 41 2 28 19 39 53 54 22 45 13 31 50 61 39 40 60 63 20 53 15 49 46 11 51 34 15 20 31 26 20 14 27 26 18 62 49
89 22 51 43 49 10 32 16 63 47 11 21 4 37 26 52 40 44 12 39 29 45 7 64 21 10 2 2 65 64 23 27 12 14 47 60 22 53 35 65 13 10 55 58 57 63 52 16 14 11 17 59 20 1 8 45 60 42 10 36 1 42 32 28 5 5 24 63 66 54 21 12 34 12 57 8 55 43 45 38 54 39 19 65 31 27 11 17 30 44
25 1 28 39 65 34 51 55 11 26 5 36 22 44 51 58 59 49 8 44 5 11 45 34 32 57
96 60 55 31 32 16 31 35 32 22 21 17 33 51 18 30 41 63 6 27 36 49 38 47 46 30 20 5 59 42 65 60 35 7 54 40 34 15 59 23 26 22 50 6 47 53 51 36 15 8 46 14 20 54 25 34 33 26 54 26 38 25 38 56 58 66 55 21 55 32 23 60 19 13 55 55 49 62 6 11 43 66 42 18 32 64 17 23 48 10 40 20 46 32 43 28 24
25 46 11 26 55 43 60 62 24 41 10 36 36 29 24 48 60 3 61 30 54 1 18 41 45 21
78 61 44 16 57 24 57 29 62 8 9 46 42 52 4 31 17 18 15 38 65 16 2 10 66 7 9 8 39 28 65 57 10 58 50 33 57 3 3 55 34 43 28 7 24 50 46 31 14 48 6 11 59 3 45 30 11 53 60 46 44 20 44 57 56 42 23 58 32 3 37 34 11 17 3 4 41 2 59
58 25 23 12 21 27 61 25 53 34 12 27 66 37 2 14 33 9 1 30 65 28 7 27 61 1 20 42 1 54 24 48 26 54 58 39 1 13 58 14 51 40 62 42 8 35 54 52 53 48 65 21 3 45 47 58 20 1 1
10 1 51 47 54 45 64 9 36 24 18
50 21 19 28 24 54 57 64 10 8 11 30 50 66 3 5 4 51 61 27 59 47 16 64 27 48 48 63 3 12 56 4 15 56 4 45 18 30 57 55 13 12 40 45 43 12 17 12 43 2 7
84 22 5 4 21 17 54 49 52 40 27 22 64 5 17 44 21 40 52 19 42 49 4 13 29 65 6 47 56 51 47 32 8 27 64 11 35 16 38 61 4 17 50 4 15 20 48 47 33 31 54 19 39 26 56 57 30 47 54 26 10 52 55 38 18 28 49 9 33 39 34 11 61 26 30 12 24 19 2 63 21 63 60 66 22
31 18 46 52 9 65 16 63 47 10 66 3 1 44 18 5 39 49 31 57 20 43 51 38 62 43 11 60 55 6 2 1
60 66 20 57 49 31 30 57 32 39 3 32 55 11 32 66 45 23 55 13 53 3 37 61 33 14 59 22 46 17 8 6 44 34 52 29 40 42 5 10 31 48 14 22 8 19 11 35 50 20 45 7 51 60 37 27 8 16 21 59 28
71 46 5 61 51 19 32 29 49 8 58 38 19 23 43 53 36 52 56 2 61 28 26 32 9 21 50 37 7 33 40 66 47 4 38 29 21 46 35 33 56 33 13 61 54 37 25 33 21 38 50 45 65 48 26 40 32 16 20 55 40 32 15 40 20 48 20 50 56 34 19 43
16 65 31 65 48 15 48 6 35 34 35 15 49 22 22 56 32
15 48 56 39 35 33 37 61 6 46 53 60 44 16 26 4
3 44 65 28
67 24 5 5 33 35 43 66 63 29 22 52 1 50 64 24 47 63 7 21 64 38 18 5 48 48 38 38 11 60 45 7 14 61 47 35 41 54 21 19 52 55 60 23 61 42 24 15 8 43 44 49 4 15 58 12 15 29 4 42 55 57 65 5 21 10 61 12
45 62 19 63 57 61 43 51 51 19 62 26 58 16 16 5 42 3 46 36 9 16 34 48 5 48 6 51 47 8 3 23 14 15 25 58 55 64 20 46 37 16 20 10 48 23
22 31 18 23 11 37 61 46 66 15 40 32 58 1 22 26 54 28 21 49 54 33 38
23 28 21 16 20 58 37 14 61 62 51 61 13 28 2 32 57 30 3 36 41 31 59 44
11 17 31 34 48 44 31 24 5 63 36 47
90 25 10 33 65 47 44 43 33 54 60 21 46 33 35 64 9 14 19 51 5 23 23 55 48 16 53 23 5 47 34 38 10 13 44 44 61 64 3 28 49 63 1 49 38 50 22 2 10 38 59 14 15 1 1 12 60 53 9 52 15 24 57 20 43 57 14 47 1 57 39 45 53 64 4 53 1 14 20 20 25 20 45 20 63 10 17 47 27 25 60
77 42 36 41 50 8 15 36 45 51 61 37 17 56 17 65 62 20 65 54 45 50 16 12 37 63 7 22 31 2 20 4 7 7 64 16 2 42 2 12 8 65 6 17 16 12 37 28 45 33 10 10 33 25 33 36 60 11 66 42 6 52 7 43 11 43 40 24 64 38 24 52 65 33 46 28 22 43
78 31 50 42 21 33 43 56 66 34 9 47 52 5 19 66 31 65 61 22 37 61 34 22 32 8 58 13 62 34 66 22 13 18 63 44 30 21 41 44 25 31 33 54 4 14 65 60 27 46 18 61 23 19 59 54 49 65 3 1 62 40 33 44 12 1 32 30 37 24 66 56 4 12 6 2 31 41 49
82 9 9 66 34 44 14 46 52 51 53 5 65 24 46 51 62 35 23 66 35 62 51 12 42 17 26 7 46 65 25 55 31 40 33 17 66 62 61 33 11 65 59 60 14 12 6 56 8 41 18 47 64 4 13 1 28 61 24 56 58 58 31 28 55 5 45 21 7 32 64 6 47 56 3 22 55 32 31 56 26 25 16
6 8 40 49 27 15 38
81 40 44 45 55 10 66 57 38 26 56 22 6 5 12 8 66 31 9 1 34 19 23 14 62 5 55 12 31 36 44 4 62 21 15 13 20 13 50 31 27 45 50 28 33 49 66 63 60 63 56 14 65 61 29 60 37 42 21 36 61 24 54 54 25 21 57 17 24 17 8 59 17 34 53 60 17 63 28 27 53 45
59 35 43 26 47 34 50 52 28 27 56 54 21 48 34 20 49 62 44 50 12 30 54 56 48 34 20 46 49 2 25 57 21 30 59 28 51 2 12 29 10 41 12 49 5 37 27 21 61 66 57 64 64 18 27 57 34 39 63 9
93 35 54 54 55 20 54 19 54 50 36 44 26 59 64 42 35 39 40 57 3 10 32 61 30 45 55 37 2 46 13 9 32 57 21 13 42 9 11 26 30 61 54 22 58 39 2 10 34 39 62 15 61 28 36 13 32 39 58 26 7 56 12 60 30 11 55 48 30 57 38 4 59 37 31 11 14 25 43 41 48 59 7 55 48 9 21 52 46 62 50 54 31 3
81 19 57 51 36 8 5 55 6 10 4 50 50 5 55 10 47 54 33 12 5 36 50 40 12 31 59 36 33 21 2 14 1 24 4 62 34 11 31 1 46 32 65 34 17 12 4 60 55 4 56 45 37 29 44 13 65 23 11 4 26 58 4 10 6 14 23 17 62 2 24 52 11 3 42 30 51 42 49 59 43 14
14 49 41 21 55 6 54 37 8 61 37 14 8 63 27
75 65 64 48 48 64 52 53 21 51 58 29 3 56 29 64 10 3 15 38 7 12 48 19 19 49 7 37 37 23 29 27 38 65 43 11 46 8 30 29 30 10 56 58 24 28 31 17 41 48 59 59 15 50 38 56 30 21 4 57 41 36 58 51 50 16 65 8 2 42 29 28 19 65 43 32
54 66 15 22 33 17 64 44 54 62 61 2 43 8 20 60 7 24 28 15 50 17 19 27 37 6 36 2 25 29 51 47 65 19 14 59 63 24 28 21 33 46 62 22 66 29 60 30 61 34 46 19 4 8 60
99 33 57 6 51 27 38 49 13 63 62 27 48 8 55 10 39 62 3 36 60 35 12 35 12 5 8 19 54 52 4 23 36 53 23 23 54 3 47 38 50 20 51 39 10 45 42 59 19 10 30 62 51 62 39 18 41 59 32 64 3 57 63 13 58 3 1 10 26 66 34 34 65 58 13 60 14 26 20 33 11 18 6 21 15 58 60 63 30 31 16 56 35 31 57 40 46 11 31 50
5 10 17 19 62 34
74 51 3 45 18 53 10 2 16 38 17 39 29 30 40 12 13 57 65 4 52 60 50 54 50 1 52 54 59 28 23 66 55 23 36 10 31 21 14 32 30 36 60 52 51 14 56 42 32 7 14 48 39 2 13 7 47 19 60 43 12 17 30 66 26 19 52 17 12 65 31 38 7 43 37
4 18 31 51 56
16 46 24 12 39 39 14 49 42 31 48 48 24 51 17 32 24
38 52 33 64 42 13 9 18 55 38 9 19 27 57 46 29 38 12 58 52 40 3 28 46 29 44 66 6 2 44 29 16 27 41 44 32 15 40 9
30 42 13 18 26 21 11 62 37 33 29 63 60 54 10 22 7 28 27 3 66 6 38 33 66 30 7 63 35 2 60
81 29 16 47 5 59 45 49 21 23 28 56 25 24 55 22 18 29 16 33 45 34 5 35 52 33 41 37 7 17 51 66 29 16 1 41 49 45 19 36 64 61 37 8 6 28 60 56 21 60 37 56 14 66 27 27 13 24 56 43 36 37 56 11 38 17 44 26 27 44 63 36 3 37 43 2 43 11 6 18 56 46
81 52 57 19 28 35 60 65 37 46 13 26 49 17 39 5 51 26 16 59 42 3 17 2 49 47 31 33 66 11 40 52 5 35 59 21 48 21 60 65 10 23 25 17 57 45 10 63 59 29 45 14 2 63 40 11 19 60 33 32 17 27 23 41 8 55 26 56 46 66 27 40 23 10 56 59 21 40 54 44 49 9
11 15 21 58 49 45 12 50 46 21 49 5
25 31 62 63 24 6 64 62 38 29 27 20 23 53 63 13 31 57 32 12 64 27 10 10 56 17
21 66 32 26 36 55 28 39 30 9 45 26 64 48 60 56 63 23 15 65 11 4
29 63 54 55 54 7 7 64 41 29 2 41 44 20 34 34 16 23 10 15 40 62 7 43 64 4 11 28 15 31
72 38 4 6 46 19 7 13 66 47 66 28 9 65 23 14 45 30 13 28 7 46 20 20 30 19 23 26 26 65 29 52 44 62 10 31 62 57 61 29 28 43 49 51 57 30 28 65 4 23 52 8 60 38 9 38 42 31 29 37 1 34 60 6 28 47 32 43 13 37 58 43 61
77 24 63 62 34 58 61 41 49 16 21 8 66 23 62 65 61 4 40 36 23 63 42 34 36 61 32 22 50 21 22 6 37 37 52 27 43 52 57 4 60 30 23 29 15 66 28 19 23 65 6 54 37 34 49 20 51 49 2 35 51 41 18 1 26 60 46 61 31 50 65 45 15 1 44 37 14 7
53 9 8 21 2 30 61 14 40 45 8 64 24 62 30 30 14 58 30 9 34 2 24 42 11 66 17 32 18 52 40 45 49 12 44 34 7 40 36 33 59 50 44 10 53 33 8 47 40 21 25 34 9 6
56 30 34 43 23 19 48 20 12 55 28 24 40 46 32 47 13 50 16 47 49 59 38 49 16 63 9 6 33 36 61 55 22 56 17 23 61 45 5 19 19 57 18 58 65 23 2 11 5 10 54 32 20 52 61 1 10
95 39 53 28 64 35 8 44 44 64 56 46 44 36 21 39 59 2 50 60 44 28 49 11 35 34 36 26 63 11 28 39 43 23 52 58 49 53 16 35 28 55 25 49 12 46 52 32 3 7 41 54 52 17 26 15 35 41 4 11 57 24 11 17 25 31 54 42 40 36 62 50 40 33 36 51 21 9 13 53 60 1 52 19 25 21 36 32 2 6 38 22 52 9 47 50
24 35 30 42 13 57 25 36 18 11 53 14 51 29 55 10 43 11 44 29 20 8 23 48 8
87 66 38 42 38 31 13 37 35 19 59 62 34 43 5 25 51 50 20 4 4 55 37 62 14 37 24 34 32 19 45 48 1 8 55 34 59 44 39 27 26 12 38 26 10 11 15 54 22 3 52 6 65 8 64 60 57 38 54 65 65 2 59 43 55 15 5 60 24 54 19 5 60 37 17 37 39 46 58 10 9 52 5 43 42 31 14 66
92 8 39 28 24 28 10 40 16 16 36 58 57 13 4 15 58 29 40 65 23 61 3 26 21 53 19 19 35 44 7 48 53 39 22 60 34 18 6 32 50 38 39 31 38 66 49 31 3 18 30 3 60 44 25 19 5 36 46 16 31 29 54 60 42 24 44 52 31 66 15 7 2 1 14 13 20 47 37 13 29 52 38 33 33 30 32 61 9 56 31 23 20
7 2 36 27 1 19 59 36
86 17 40 27 18 45 36 23 56 49 9 24 28 29 16 63 2 55 37 37 48 41 15 58 27 3 11 62 16 13 50 49 38 31 62 47 37 29 24 64 58 34 6 45 44 17 1 8 18 14 15 12 30 65 14 46 15 15 29 31 21 11 54 33 9 41 14 21 14 20 64 48 57 51 34 23 48 39 53 40 49 44 38 2 30 12 18
15 31 43 49 55 33 36 25 26 63 65 64 33 1 44 64
43 10 10 19 52 27 44 36 2 28 42 61 21 32 9 25 49 41 42 59 45 6 45 62 3 29 24 63 48 18 22 56 34 22 8 12 1 32 48 64 27 31 34 3
32 4 23 50 54 30 11 24 5 49 37 24 58 19 49 61 22 22 54 10 38 6 5 44 44 18 25 32 65 28 46 24 45
4 19 58 3 35
51 34 44 20 47 32 2 2 7 36 66 6 62 17 19 7 20 64 65 31 24 55 62 6 65 64 22 30 37 27 52 1 5 49 11 47 10 62 53 40 58 29 43 63 19 15 6 13 58 42 16 59
78 23 32 58 11 47 23 51 55 51 59 20 16 12 63 43 26 7 30 66 22 18 33 19 64 15 63 43 56 2 20 44 53 33 29 30 39 52 54 29 60 25 21 54 1 59 2 15 41 39 48 9 33 54 22 44 3 65 17 55 33 35 23 48 38 39 26 30 56 33 7 21 60 11 44 58 17 52 19
49 27 66 22 22 59 8 20 49 22 13 14 51 36 13 31 33 30 26 53 3 23 24 25 49 54 43 43 11 56 60 30 25 29 20 32 13 24 38 50 57 49 6 63 42 33 33 16 40 21
27 26 17 40 26 60 18 33 48 20 1 59 13 60 58 66 30 3 2 21 61 13 6 23 25 50 14 42
42 45 16 22 66 30 25 28 61 58 3 21 65 33 57 55 23 65 34 64 19 16 22 40 47 27 61 20 1 54 5 43 24 24 60 13 11 53 38 22 61 48 22
94 52 9 42 18 20 46 60 17 64 39 63 37 16 45 44 33 50 31 45 23 9 62 18 23 60 21 47 20 9 2 35 35 42 4 59 59 27 21 60 61 5 43 18 4 18 20 5 25 14 51 47 31 4 66 9 44 8 65 10 37 60 20 39 46 39 17 31 24 21 56 5 12 58 38 61 28 7 38 13 40 66 13 60 50 58 4 56 52 55 5 61 33 8 27
12 20 36 52 47 26 66 36 2 43 21 17 32
87 2 14 38 65 27 49 41 37 9 58 58 55 43 41 48 28 29 1 66 58 31 6 57 10 37 16 3 9 42 45 4 40 45 64 10 16 62 17 65 64 46 62 66 19 65 61 46 45 41 29 32 1 3 1 11 59 18 7 48 47 9 65 59 64 46 44 26 25 5 24 60 49 23 44 9 24 50 62 42 15 4 28 6 36 7 54 13
36 45 53 3 45 15 44 34 8 28 42 11 28 40 10 5 25 51 35 15 51 41 54 63 40 62 15 16 64 33 49 16 40 56 47 1 1
22 33 47 63 27 44 25 24 8 35 47 5 46 18 63 19 24 37 53 7 20 52 41
45 62 39 63 40 8 41 40 61 59 59 59 28 36 33 50 15 60 29 9 23 63 4 6 5 15 5 63 61 41 21 13 37 17 1 52 19 20 28 57 59 8 24 36 4 6
85 23 27 12 15 53 34 24 61 1 22 47 27 37 4 66 65 16 42 19 6 62 33 33 59 32 34 4 63 20 64 34 51 13 47 40 57 49 13 65 59 38 18 2 59 41 39 44 4 35 54 9 58 26 62 3 8 1 64 19 5 23 27 59 10 31 46 28 34 8 13 6 46 9 10 35 19 36 31 13 47 37 59 13 41 32
90 29 38 65 7 5 35 12 6 23 18 31 45 44 60 57 65 1 6 61 30 26 42 41 26 33 23 10 55 45 25 43 26 34 42 35 40 53 15 20 36 18 36 55 19 1 60 47 6 21 45 29 54 24 11 5 31 44 41 6 15 3 21 60 8 22 55 23 48 20 22 58 38 26 2 9 65 26 7 18 51 42 41 29 28 50 14 32 47 19 51
83 47 52 20 30 38 65 14 48 20 24 50 24 34 48 60 53 61 60 18 34 50 50 23 5 57 51 33 49 56 26 28 39 42 24 62 33 26 47 1 12 11 43 42 42 4 62 1 56 26 46 65 7 10 23 39 41 29 63 40 24 46 29 41 5 4 1 45 66 28 53 44 41 25 34 63 37 2 44 9 66 45 30 32
53 30 16 28 64 55 60 17 57 62 16 50 22 42 1 25 45 27 23 5 11 50 57 5 55 35 11 18 2 17 16 52 30 45 14 22 29 15 36 17 34 18 52 28 32 45 44 54 57 10 54 4 15 11
49 52 13 65 24 52 17 66 10 17 49 35 62 10 13 31 1 30 62 51 9 52 27 30 66 47 34 53 34 6 9 58 62 3 37 13 18 46 60 35 1 12 50 34 2 55 32 17 20 5
40 56 11 38 16 33 53 38 24 30 26 51 11 14 62 65 32 13 25 14 63 62 33 63 49 1 34 26 7 4 8 53 63 7 54 29 32 65 60 3 7
68 22 40 34 23 16 53 61 37 33 38 17 22 9 1 57 31 27 64 36 19 49 44 47 52 2 15 65 52 22 3 31 6 62 33 17 41 26 64 19 44 57 61 13 31 51 5 33 4 60 26 11 58 34 26 15 21 54 63 44 26 53 64 40 33 62 42 10 1
50 12 46 10 8 38 25 16 46 8 3 31 5 40 32 64 57 23 5 13 22 57 62 37 62 62 9 48 1 5 45 29 38 32 51 40 29 3 55 10 60 38 44 1 28 18 47 17 27 49 18
45 65 27 1 43 3 26 48 23 21 50 41 36 55 53 49 15 57 15 18 66 38 15 7 41 13 65 59 1 34 37 24 56 44 26 55 42 5 13 22 39 53 1 35 13 59
7 6 60 14 2 39 51 55
46 63 29 52 55 36 47 23 34 25 61 46 39 54 49 35 36 39 51 28 33 13 48 42 10 5 21 55 51 29 49 50 46 2 32 41 19 65 42 41 1 61 66 20 40 46 40
31 28 53 62 38 45 21 53 26 38 11 35 31 59 34 55 40 35 31 34 10 52 39 6 48 14 46 14 43 18 20 26
27 4 29 39 11 41 53 14 18 53 30 17 15 29 61 53 3 17 14 62 16 60 54 26 43 13 62 31
43 34 19 50 23 61 29 13 47 13 65 20 9 10 60 16 40 45 51 66 35 20 33 19 24 28 19 16 15 50 24 52 64 16 65 50 60 20 61 34 32 52 41 36
97 21 20 18 11 27 41 2 27 9 66 24 48 46 11 13 44 35 23 66 42 4 12 9 33 5 33 42 2 45 49 66 22 51 47 14 63 8 5 62 16 46 51 7 52 40 14 10 49 18 39 7 27 65 13 47 41 29 52 35 4 29 4 47 65 26 46 17 7 42 1 14 17 48 53 63 8 34 35 8 7 43 53 53 47 38 5 49 30 28 30 30 30 23 11 41 8 3
3 41 33 12
26 8 66 35 59 7 3 48 36 42 7 29 6 1 58 15 11 31 18 49 37 55 62 66 48 31 29
22 44 46 45 12 47 7 52 43 36 7 60 31 49 5 43 59 31 50 25 9 12 33
89 41 65 55 49 30 48 42 44 10 58 46 45 3 45 21 28 2 54 2 44 31 60 50 51 23 51 12 53 64 30 21 66 62 31 46 55 8 16 61 59 20 32 34 45 52 57 31 6 49 53 14 64 52 52 33 56 45 18 27 30 14 19 2 51 26 29 32 12 43 37 38 28 45 61 53 17 50 48 46 46 31 45 41 55 17 52 27 19 43
70 14 24 31 33 13 51 39 10 21 34 23 65 49 20 46 50 29 54 43 20 46 47 63 30 35 48 23 49 52 50 14 64 27 41 18 41 13 47 47 63 36 46 54 61 24 57 62 66 34 26 31 10 44 24 18 9 19 1 19 26 47 53 35 66 15 22 4 37 26 1
99 62 39 24 42 42 31 46 8 19 41 19 40 12 4 3 58 51 12 64 51 38 26 49 11 66 53 52 65 29 64 22 29 22 58 4 11 2 16 48 3 21 64 24 8 51 57 23 15 23 32 48 36 27 16 2 23 33 66 52 41 28 51 3 7 61 43 66 17 23 55 45 20 34 17 14 48 13 28 19 58 13 38 18 11 37 57 1 44 5 18 62 48 31 60 42 18 52 46 55
17 15 33 48 66 43 19 11 54 27 33 24 18 38 8 20 45 16
61 27 52 9 25 66 32 38 39 12 12 21 34 27 34 48 6 40 45 61 26 44 13 12 56 47 7 46 53 49 36 66 30 54 53 9 21 30 49 17 27 8 58 53 35 14 66 51 55 29 33 29 63 40 23 49 41 4 59 33 38 42
48 25 21 30 18 11 31 22 14 37 49 63 1 48 23 63 32 31 14 38 62 14 21 28 17 56 5 25 47 61 56 32 36 53 10 21 62 46 13 53 35 18 6 7 36 50 39 25 65
94 39 33 2 17 25 21 58 9 19 5 44 52 18 41 35 57 59 39 27 46 29 4 10 61 49 1 28 22 36 56 26 33 17 25 40 20 29 52 5 16 16 38 63 50 60 33 28 54 65 58 32 59 52 49 65 65 46 26 29 58 45 37 31 58 54 61 65 41 19 55 49 28 61 13 48 5 46 55 22 17 19 3 47 18 29 59 56 4 26 27 10 17 45 39
31 9 66 16 3 66 44 65 59 48 20 2 46 64 34 42 7 12 62 30 38 36 34 7 62 29 6 66 55 17 48 20
49 4 58 20 66 62 1 43 26 62 19 35 25 55 25 33 63 7 4 20 50 22 42 48 65 5 65 60 62 29 34 59 62 29 27 3 19 59 41 35 58 28 58 25 19 37 28 29 45 6
96 5 62 58 60 19 6 61 38 39 37 46 63 47 13 59 15 22 57 35 14 27 38 21 42 25 40 4 26 37 61 33 65 15 11 44 43 12 34 17 12 14 26 17 48 34 35 37 9 42 26 15 66 48 59 22 53 33 57 17 30 35 4 16 60 39 52 15 25 53 41 41 47 55 3 45 31 44 46 37 20 62 21 14 7 30 29 56 13 16 12 15 47 54 66 11 41
39 6 27 41 17 11 25 21 33 28 15 55 24 29 20 60 9 13 14 11 59 42 1 29 37 62 26 29 37 23 51 16 40 39 31 22 3 65 24 45
26 34 37 35 34 28 57 52 57 46 3 60 40 53 5 33 39 48 57 7 7 10 18 51 60 59 14
32 49 17 17 16 45 27 40 31 54 52 28 7 62 18 9 29 28 24 61 27 64 37 60 56 4 12 48 8 54 34 46 66
38 27 44 25 38 10 28 43 54 60 28 6 54 2 66 29 41 43 37 32 36 46 57 61 20 8 45 34 14 25 25 5 2 41 38 28 10 14 18
83 9 2 28 38 10 5 28 47 10 43 30 37 13 49 19 7 52 44 27 8 29 59 60 22 58 5 49 11 52 19 21 40 49 52 26 26 36 20 13 39 12 40 27 64 48 43 49 52 49 24 43 7 22 35 51 18 2 28 58 28 59 29 39 32 42 42 54 43 31 45 62 38 39 39 56 2 35 50 31 5 33 29 10
92 66 4 66 34 47 40 26 12 4 65 4 54 63 58 22 38 60 38 3 45 7 32 53 53 37 66 37 62 19 12 21 21 57 57 61 42 22 19 44 29 27 10 35 65 63 3 9 57 63 6 30 52 9 20 66 59 21 58 23 23 62 26 41 41 5 30 60 52 22 43 31 35 30 9 18 58 56 21 65 24 36 56 45 54 62 16 64 2 9 29 16 14
47 22 6 33 55 5 6 26 21 45 66 17 24 66 39 54 11 23 8 19 3 50 1 32 56 66 61 64 62 42 31 66 32 56 59 35 7 4 65 52 54 17 58 39 30 4 59 16
70 48 12 59 21 60 16 15 38 60 8 5 4 64 48 22 45 42 64 31 59 17 8 27 23 5 43 52 24 22 9 66 6 36 60 66 23 43 2 12 26 35 14 7 53 43 4 64 35 5 30 64 11 46 43 9 55 46 62 28 35 5 41 36 51 14 29 26 11 19 33
8 31 46 59 33 47 33 1 63
86 40 24 29 32 34 53 34 54 27 17 1 24 50 63 64 33 9 44 8 15 8 16 7 45 11 31 29 50 56 16 11 31 48 41 41 44 30 30 48 23 66 40 8 6 35 6 30 65 6 30 30 45 41 7 25 44 60 14 63 55 48 26 19 64 4 59 46 56 40 42 47 43 44 55 3 65 3 66 35 31 31 25 55 53 47 66
29 27 45 15 32 39 27 16 51 42 51 7 8 4 54 54 50 52 65 22 57 12 48 13 39 35 65 48 31 3
96 41 29 28 15 11 58 28 2 4 5 48 27 13 37 48 51 36 19 49 59 7 19 36 43 59 47 52 39 66 10 32 41 50 31 50 21 58 37 20 8 19 24 7 60 25 6 8 38 47 6 14 59 9 20 22 30 16 16 51 13 52 19 36 58 46 41 63 59 41 26 21 56 46 52 11 18 43 41 1 58 13 62 4 55 28 4 13 40 29 45 48 7 58 10 60 25
29 3 26 23 43 2 23 52 44 58 32 1 18 54 21 16 66 58 16 36 2 40 29 28 53 48 9 29 3 27
32 45 34 1 48 33 60 30 18 6 46 10 19 36 20 28 65 61 2 30 20 10 11 45 22 28 4 46 34 45 30 49 46
60 47 61 43 25 57 57 42 31 38 45 22 16 39 32 53 12 64 49 24 32 33 2 24 7 17 20 51 63 44 9 2 59 14 58 59 27 62 44 55 10 65 37 60 41 13 18 50 13 58 43 34 27 36 55 65 1 29 54 20 66
79 17 51 61 56 44 61 26 34 54 15 5 25 11 41 41 31 28 56 58 14 4 55 61 30 65 48 35 47 56 61 62 65 6 26 53 42 2 44 4 46 37 57 37 59 28 28 15 34 56 63 16 7 37 19 14 64 35 27 56 41 12 51 44 65 25 53 21 26 29 48 23 35 11 51 3 22 49 10 36
71 52 50 1 18 2 30 45 22 20 39 8 20 15 6 6 1 49 42 24 4 11 19 5 65 60 56 21 45 33 39 12 65 50 39 23 7 42 66 49 20 44 47 56 8 40 3 45 17 55 42 30 25 29 6 58 58 56 62 5 43 62 7 57 17 49 14 54 51 7 36 16
76 15 35 58 33 53 4 65 42 5 63 56 46 48 52 17 20 34 42 60 61 29 15 22 32 38 26 14 37 43 15 15 44 58 65 48 50 29 50 54 35 54 10 34 32 16 11 22 38 16 44 33 36 31 40 22 43 27 45 36 22 35 62 50 14 12 16 29 10 21 23 14 43 32 23 9 10
25 33 42 39 50 15 11 6 7 3 15 24 55 3 36 27 30 2 30 10 40 45 19 35 66 7
50 24 7 39 37 63 28 31 39 32 48 31 7 50 43 18 41 48 22 43 2 64 38 46 34 61 46 1 11 59 52 43 49 19 23 62 37 63 32 19 29 62 22 43 10 6 13 17 1 14 41
96 28 28 62 40 13 47 29 49 28 14 15 63 43 31 36 30 28 10 21 6 26 49 14 53 3 5 37 53 39 63 28 62 63 6 2 15 39 24 55 22 62 32 45 28 6 58 9 60 65 49 22 35 20 32 62 17 41 19 50 38 66 61 28 1 53 9 37 5 10 31 53 41 26 23 8 33 57 53 20 50 40 60 40 54 42 45 29 44 51 66 28 62 41 39 12 52
2 7 64
77 27 51 53 49 41 23 41 43 31 13 60 46 43 55 51 6 32 29 54 52 62 41 63 15 46 31 12 55 66 51 35 16 58 20 38 50 35 48 16 61 52 58 41 43 24 29 58 24 24 12 44 57 62 12 58 14 61 2 7 65 63 53 66 35 49 11 34 59 12 13 22 51 44 30 15 27 65
70 25 30 19 28 57 5 19 39 8 58 20 17 47 11 52 19 15 24 38 59 23 20 19 18 6 64 62 57 61 19 41 5 24 62 18 10 61 50 27 23 40 39 33 29 58 35 11 55 32 38 30 4 63 66 52 27 62 37 60 45 17 29 3 33 37 53 48 6 1 22
72 60 11 22 8 28 48 51 56 37 62 40 24 61 63 4 39 44 54 20 50 20 28 5 53 8 22 22 4 53 1 60 41 64 12 47 62 9 31 53 38 53 56 14 23 66 46 62 8 42 41 24 28 15 35 56 17 35 17 66 10 45 56 3 40 53 28 45 62 38 38 45 63
87 41 12 24 42 34 29 34 61 51 48 2 62 36 25 62 39 7 12 3 60 64 17 5 1 38 15 27 22 26 53 63 29 58 19 33 44 46 41 31 51 57 63 56 48 12 57 4 54 52 52 47 16 4 32 65 14 15 51 64 45 5 66 45 41 46 10 35 49 13 54 17 27 14 43 34 12 12 64 53 44 24 35 2 15 57 56 18
56 52 61 16 37 8 56 32 64 45 17 28 49 46 21 51 55 59 51 31 22 55 2 10 50 29 3 48 45 34 5 63 25 5 47 59 44 38 5 30 18 32 40 30 10 28 11 63 37 25 31 43 59 59 64 28 60
36 18 1 29 58 15 46 48 7 40 26 64 42 7 32 14 54 38 59 59 21 2 48 50 65 41 40 38 41 60 9 50 66 63 40 63 10
73 50 28 3 46 17 17 66 51 41 35 8 62 29 32 49 41 3 28 32 6 12 43 59 17 2 23 44 63 65 50 16 55 12 5 21 63 3 60 42 27 24 61 11 41 15 20 27 47 44 22 14 4 25 46 27 10 58 46 65 66 62 1 3 43 26 34 37 62 23 57 61 23 3
50 47 30 57 26 8 11 34 16 6 44 35 37 15 33 61 61 63 14 54 32 11 37 30 13 28 19 32 57 17 18 16 18 15 42 28 37 11 66 27 64 48 3 13 44 33 53 35 19 12 20
81 53 14 13 58 63 5 20 19 58 40 37 21 44 24 50 65 9 17 60 55 59 30 26 28 44 52 28 62 18 43 34 17 55 11 51 32 18 49 1 49 1 65 17 17 51 14 26 32 11 61 66 10 15 56 6 50 13 34 37 44 62 29 27 57 40 47 26 27 30 40 22 27 63 46 38 2 64 45 30 39 15
55 23 59 64 27 29 29 42 14 8 55 21 47 23 2 43 13 57 36 48 45 58 18 51 61 29 63 5 58 57 17 32 54 22 1 46 41 38 14 7 19 2 5 55 28 64 4 32 7 8 31 34 24 56 30 61
16 26 1 49 45 26 42 62 24 32 5 23 58 60 13 44 20
12 39 11 14 15 26 66 31 10 41 26 24 18
61 44 51 6 33 53 1 25 43 57 37 5 41 14 33 28 10 53 3 66 63 51 25 66 3 59 55 43 6 25 7 49 6 59 66 8 22 28 54 10 37 8 40 1 37 20 21 43 13 5 27 31 40 58 13 17 41 12 3 9 2 25
18 27 7 66 47 10 33 49 41 34 1 1 62 9 31 19 66 23 15
91 42 8 35 1 5 27 12 1 45 3 18 55 28 10 2 52 31 42 65 18 34 50 32 41 53 6 4 58 62 26 56 58 66 27 39 22 5 59 21 17 37 21 4 32 25 56 14 53 5 6 30 33 2 59 45 2 22 29 21 17 4 44 61 37 17 19 45 3 65 60 31 38 41 31 31 1 12 55 57 40 55 12 61 44 42 60 51 43 66 30 47
24 1 37 59 3 41 10 14 22 34 66 57 6 43 30 43 51 34 49 36 12 44 62 56 18
93 65 60 12 6 30 50 35 10 20 3 6 36 17 55 50 48 49 65 57 28 51 12 13 9 40 18 57 65 43 63 42 1 47 29 24 43 48 6 26 35 58 53 24 25 60 57 9 16 37 38 8 57 23 54 20 61 57 53 62 49 38 55 7 21 54 29 54 1 33 10 41 58 16 44 29 46 31 54 60 8 21 66 62 63 38 9 48 22 16 12 63 26 11
60 38 55 47 23 13 50 61 14 20 39 30 29 18 4 39 30 42 47 59 23 6 38 61 44 19 50 1 5 9 29 39 55 41 63 23 66 40 47 12 37 49 48 25 65 28 46 60 33 31 54 8 19 29 42 8 27 16 46 48 53
32 61 34 61 62 44 31 53 28 5 52 32 3 57 43 4 55 7 66 9 47 2 57 48 16 25 66 19 32 28 33 18 47
27 60 40 3 39 30 56 10 29 40 30 14 39 29 1 35 54 15 1 13 15 10 39 61 50 62 60 8
44 26 55 12 55 47 16 22 34 25 18 9 24 14 16 17 59 17 64 37 15 59 55 57 3 63 23 11 23 6 45 61 58 43 36 46 65 17 65 41 47 64 47 36 39
52 34 21 8 57 49 18 2 37 61 15 26 46 51 62 50 29 45 51 1 7 50 47 35 63 47 59 19 41 63 15 21 34 48 27 34 1 47 15 55 11 33 32 14 33 5 31 45 24 41 27 1 9
40 4 37 33 29 59 44 4 48 35 29 37 24 27 15 65 18 10 54 61 55 29 21 62 65 6 58 65 45 54 33 55 48 2 21 48 51 25 1 13 6
8 49 66 63 28 43 12 15 1
42 64 61 14 64 34 29 65 46 25 28 24 10 48 56 36 12 54 61 57 38 31 61 66 66 16 50 43 36 31 7 33 22 36 39 49 44 45 58 25 57 18 30
14 61 33 7 52 55 13 56 23 40 41 18 63 34 18
50 18 62 26 4 65 42 1 18 12 66 30 8 47 60 46 14 57 18 11 8 50 8 52 22 19 47 47 59 34 30 50 9 57 38 62 44 20 47 37 42 21 14 43 56 6 5 17 19 7 2
89 62 7 64 38 12 53 41 40 9 5 31 33 16 23 13 24 53 32 63 48 57 6 23 2 57 10 19 66 43 66 8 19 57 54 26 18 35 8 53 7 19 23 41 2 4 27 13 16 18 24 39 46 28 29 59 49 49 57 61 12 24 12 55 45 58 3 5 21 7 8 2 40 18 26 8 21 19 12 2 8 43 6 17 44 46 24 13 65 43
19 5 40 3 48 31 22 25 13 52 48 36 49 27 24 48 10 10 16 62
11 17 42 51 38 57 46 1 32 32 62 28
28 3 51 20 42 42 29 22 34 60 25 19 51 45 59 1 10 14 7 40 66 21 19 51 15 34 22 29 19
50 56 60 25 9 56 24 15 13 37 57 24 28 10 52 11 63 64 33 58 65 25 42 3 46 38 32 46 64 34 9 66 30 7 59 63 53 25 59 2 37 42 18 44 28 4 42 4 50 16 28
91 32 22 18 56 28 52 17 35 26 42 29 6 38 37 37 40 13 10 28 31 36 1 51 59 39 36 20 17 56 26 44 18 40 49 40 19 36 56 31 32 20 53 47 15 34 53 63 61 56 20 12 50 21 13 5 13 16 57 40 26 4 40 41 63 58 49 12 64 13 34 45 26 22 58 39 53 23 33 55 18 5 36 64 20 26 61 25 46 35 59 44
9 25 52 31 27 1 19 19 44 8
82 62 16 51 52 39 25 2 6 56 55 27 16 42 12 40 43 46 2 55 9 50 33 1 55 21 9 8 37 23 36 35 36 14 24 41 49 24 46 24 58 60 17 33 48 33 21 32 5 58 22 28 28 32 8 64 16 43 54 9 31 21 22 18 5 4 26 12 28 42 46 19 42 31 47 12 35 2 10 21 36 19 47
96 2 48 26 34 58 17 33 31 15 34 49 24 31 25 27 17 37 42 58 57 52 38 24 42 44 19 48 48 39 60 55 38 24 65 30 5 25 54 44 61 4 23 7 51 16 17 7 48 10 65 58 19 60 65 63 4 21 50 51 54 57 1 20 43 19 65 64 2 26 55 15 52 35 10 63 16 40 34 53 41 53 54 21 64 49 18 27 45 24 36 42 1 32 44 13 29
41 63 63 54 47 39 38 32 29 5 42 60 26 54 53 12 30 64 10 57 55 27 31 40 64 4 15 2 42 22 47 17 27 18 48 27 55 41 35 28 47 40
26 65 16 63 36 7 57 19 26 35 32 27 26 55 59 38 46 14 21 20 43 9 39 29 12 34 21
83 10 1 33 63 9 27 18 6 55 62 18 18 65 51 38 21 65 22 26 18 14 3 36 54 57 66 24 6 64 33 63 49 11 22 3 31 24 4 65 44 47 54 48 41 41 63 13 37 8 65 23 46 16 12 42 49 30 56 65 26 28 54 66 16 5 57 37 44 4 45 27 46 17 12 65 19 65 55 42 51 36 26 8
77 2 24 64 31 39 19 47 51 37 19 42 5 39 10 8 41 34 50 22 25 47 23 7 54 12 34 54 45 42 1 52 11 6 19 38 60 36 8 25 43 56 29 50 45 59 53 35 28 50 11 4 37 16 45 11 13 8 28 59 38 25 11 66 54 50 62 4 37 26 43 11 12 21 13 34 60 24
76 48 32 61 14 33 41 11 17 8 38 55 21 55 24 26 51 26 31 53 41 50 17 12 34 11 65 64 36 46 28 57 37 38 40 25 1 35 63 66 18 7 21 38 66 16 27 21 9 61 44 36 65 28 42 44 66 25 11 16 39 23 16 19 19 54 27 26 63 26 19 25 38 3 20 50 7
21 42 33 19 56 5 22 42 18 40 43 47 57 39 50 19 22 57 35 66 1 49
21 3 28 27 42 62 31 48 2 12 34 49 23 8 7 52 32 55 43 1 1 54
26 59 10 22 40 50 40 32 44 41 61 37 48 6 5 27 32 39 35 62 37 23 20 53 42 12 26
20 41 29 18 52 18 12 37 31 32 50 59 57 8 30 44 14 11 65 3 21
55 3 49 13 50 13 19 6 6 42 2 3 5 47 1 8 50 57 54 9 45 12 58 56 48 10 29 21 60 21 64 21 28 26 15 26 35 7 8 63 12 23 29 62 55 6 33 32 36 14 45 23 55 42 23 12
47 12 59 45 31 62 12 64 10 34 47 63 58 26 29 50 48 35 53 45 3 41 15 22 62 66 13 65 40 61 34 56 29 20 50 44 2 17 58 53 45 8 12 11 35 46 53 8
88 27 57 59 21 31 10 35 28 60 53 64 50 8 30 20 33 31 3 34 50 50 31 12 29 9 12 50 60 5 29 3 41 49 36 12 5 58 48 65 16 37 4 50 49 55 49 31 27 17 51 48 42 33 43 22 25 52 41 13 10 19 17 59 29 45 62 39 27 50 47 11 7 46 26 3 13 19 37 20 49 29 59 36 31 5 3 48 23
93 36 20 1 25 13 7 60 23 65 27 60 55 66 50 50 43 53 12 39 26 3 38 13 28 63 22 10 9 11 8 14 41 3 53 18 5 11 57 61 50 66 50 27 1 52 62 10 64 24 58 43 57 15 24 7 6 19 40 45 18 33 51 52 34 28 24 56 15 30 24 48 17 64 11 16 57 33 26 56 57 43 62 62 4 42 8 17 13 33 49 60 28 55
12 44 38 12 17 22 53 5 5 28 17 50 32
48 25 35 39 19 23 28 7 44 52 25 13 17 1 42 12 15 58 22 28 21 64 53 62 27 31 55 33 28 1 47 18 23 7 65 59 64 2 22 50 12 32 51 60 57 6 33 41 56
34 47 38 58 10 35 53 10 54 44 33 23 62 53 47 16 45 47 64 4 38 12 22 31 18 37 53 51 16 23 38 39 16 8 29
3 46 28 49
41 30 65 47 16 18 29 36 58 16 45 14 55 11 53 42 17 15 30 34 1 13 1 54 34 50 43 56 58 17 54 7 38 17 40 43 36 64 14 36 19 7
14 18 36 23 56 29 53 18 1 22 7 15 35 42 46
32 51 60 19 23 35 18 31 1 43 60 41 34 3 62 46 58 35 27 62 18 28 64 8 43 43 60 25 17 66 14 35 47
61 30 2 58 63 45 23 3 60 57 7 33 24 34 62 35 20 2 31 37 37 19 33 14 41 51 8 4 11 33 18 8 15 27 27 16 34 36 21 57 55 61 2 35 45 5 28 24 61 42 43 65 59 59 62 62 26 26 15 60 36 5
12 53 55 26 13 32 7 37 35 18 4 28 17
74 10 6 16 50 11 50 26 65 4 35 11 5 46 30 59 39 29 6 38 13 10 32 66 40 11 42 13 34 48 47 11 49 31 59 35 4 53 28 19 10 62 49 54 60 53 33 45 2 25 31 4 54 11 46 45 39 54 7 12 6 61 27 11 61 51 20 19 58 56 65 46 51 19 6
69 12 61 19 1 61 52 44 56 49 41 8 15 45 20 14 55 56 50 37 20 53 26 12 16 60 9 65 56 26 63 21 28 59 1 49 26 25 59 47 34 13 27 58 4 36 32 32 48 35 56 42 15 16 41 15 22 50 23 58 59 15 21 66 33 40 18 11 58 61
72 6 12 5 59 29 56 57 26 35 9 34 3 36 41 65 2 33 48 50 45 26 22 48 7 59 49 60 57 51 1 65 18 30 42 37 13 20 64 38 13 39 20 59 15 65 10 58 43 66 63 45 31 26 39 20 60 42 3 33 56 66 12 62 10 24 54 49 26 20 65 55 29
23 66 65 60 45 23 58 42 17 34 2 26 39 50 66 47 27 37 60 42 35 15 48 27
88 14 21 48 23 26 48 65 61 50 63 57 47 3 13 52 13 10 66 31 38 15 66 19 65 4 50 24 23 6 22 28 32 46 65 24 13 20 57 11 45 17 65 14 65 19 15 53 39 39 23 15 24 63 12 9 18 37 54 54 38 16 23 62 49 17 19 33 52 29 2 39 23 45 31 12 38 24 33 59 12 42 48 38 22 58 58 41 60
74 56 22 31 59 5 33 49 47 43 63 30 13 50 55 12 46 30 40 24 55 33 22 10 62 18 62 21 11 43 18 34 24 36 12 5 10 14 35 32 45 33 23 1 12 61 50 10 57 12 20 39 60 12 4 39 21 8 40 61 42 14 8 66 8 51 33 48 18 10 54 12 20 60 21
46 60 35 52 30 48 15 65 36 49 46 64 7 5 62 46 49 66 38 7 26 2 57 31 3 23 65 3 52 26 58 59 47 24 20 62 1 17 20 23 26 13 51 50 27 43 42
12 48 36 28 25 62 19 22 13 32 65 9 26
46 16 4 28 4 21 33 11 46 20 54 53 54 19 53 45 48 4 4 18 24 53 37 2 29 32 12 58 52 63 7 24 24 17 4 50 2 7 4 62 31 33 38 27 54 16 23
38 38 44 14 50 43 31 46 48 43 52 51 61 42 21 15 49 34 66 1 28 30 14 6 50 6 60 1 57 60 12 51 45 20 37 2 64 43 2
46 6 4 39 56 6 12 16 38 7 8 4 54 18 58 36 64 36 40 27 49 5 61 53 46 50 54 2 39 45 32 3 8 66 63 54 48 34 13 66 18 56 55 26 55 66 47
74 4 33 18 64 44 14 25 40 51 4 63 66 50 13 45 51 1 59 48 49 10 19 15 28 12 56 7 54 39 14 39 59 5 51 14 27 29 25 63 43 21 20 38 58 57 16 11 36 3 4 2 49 37 8 47 43 6 57 3 34 6 60 50 3 20 52 62 23 45 18 56 3 28 49
12 34 6 56 38 10 7 50 17 1 54 47 21
57 31 57 32 55 37 49 61 60 11 2 39 17 50 4 56 19 1 35 25 33 36 1 47 28 60 29 5 18 61 57 56 62 38 8 42 20 9 44 44 59 62 18 28 51 38 55 28 24 39 38 1 65 59 51 37 8 24
20 17 41 61 51 66 30 33 48 36 18 58 57 25 22 23 45 11 5 31 47
61 41 55 1 59 37 12 58 37 18 48 58 3 26 42 55 30 18 65 9 17 42 45 1 55 32 28 15 46 6 41 17 57 40 28 58 51 18 20 5 9 9 59 24 15 37 6 14 44 8 46 1 21 1 44 8 59 66 6 66 28 52
32 50 13 41 52 66 65 14 42 11 7 29 23 40 28 33 42 7 61 7 14 32 28 17 54 65 42 28 45 48 8 4 60
81 22 34 6 32 23 45 33 60 36 34 5 25 46 3 54 56 63 41 45 50 54 3 64 2 18 35 59 29 6 36 50 2 23 53 15 5 17 20 62 10 53 65 10 36 7 26 40 30 57 54 8 6 45 33 54 43 42 24 19 13 20 18 62 13 50 57 33 21 20 62 46 4 20 55 51 57 63 38 63 18 14
4 61 25 59 63
33 15 36 56 33 27 10 65 24 34 2 33 53 27 30 59 44 20 30 28 60 16 23 64 32 25 54 28 11 31 3 24 16 20
74 61 29 23 46 51 25 23 35 50 24 30 10 52 14 35 35 27 51 37 42 6 37 16 63 9 46 60 25 55 4 14 44 47 49 59 56 39 32 66 55 8 56 54 66 16 1 63 34 36 13 54 50 36 33 30 3 46 24 54 30 39 40 29 56 18 8 58 31 29 56 45 5 28 61
93 20 38 14 46 16 11 60 20 61 63 62 45 40 16 7 53 27 15 53 51 27 25 4 6 58 58 39 10 48 57 14 6 20 52 59 6 65 51 8 6 65 6 2 14 3 41 50 14 66 7 2 16 4 38 46 27 24 44 4 61 41 52 38 44 16 6 36 48 58 43 35 45 28 33 66 29 51 33 53 1 21 38 54 26 10 48 28 30 35 24 18 57 62
84 22 8 1 24 24 10 28 6 15 52 33 6 65 30 31 17 18 2 6 32 56 46 4 61 29 32 3 45 44 40 47 44 57 18 49 45 12 16 23 27 64 47 15 24 20 8 30 61 24 9 46 42 16 3 27 28 8 11 34 32 1 31 12 16 30 12 19 11 11 61 48 47 17 40 31 65 33 50 15 50 53 43 20 52
21 59 7 64 42 11 41 60 8 47 8 64 18 58 7 30 59 3 12 60 38 46
28 3 65 24 34 21 51 2 24 48 49 26 27 14 15 39 22 57 8 52 8 6 16 17 35 7 24 28 33
64 19 55 58 8 15 51 7 13 2 9 29 25 56 48 10 24 24 61 60 60 43 59 19 38 57 63 64 40 36 28 44 16 23 16 66 15 41 27 60 38 41 27 41 7 32 35 56 17 32 63 65 13 46 45 58 66 26 28 49 36 43 63 34 45
94 57 33 47 21 2 29 40 29 63 34 54 28 2 54 4 7 25 41 24 19 3 61 4 49 58 45 47 10 44 13 16 57 13 40 12 30 39 41 51 36 29 17 36 3 45 47 62 18 45 63 20 41 46 35 6 42 34 6 66 57 55 14 56 58 10 50 55 9 55 47 6 47 38 63 35 23 29 19 65 26 20 40 42 17 1 61 43 54 59 24 38 49 35 42
44 18 9 36 41 42 60 29 2 39 4 28 35 4 46 21 35 44 55 22 52 27 65 9 12 40 34 52 23 9 43 37 45 63 39 9 26 3 19 12 9 25 44 24 58
13 42 5 47 35 59 19 48 55 46 40 39 6 60
92 62 38 2 20 52 63 23 24 34 47 44 57 48 66 32 35 64 17 40 36 62 44 12 38 41 43 10 63 23 62 32 28 24 49 5 63 56 54 5 11 5 65 7 50 56 50 40 37 19 66 45 35 17 8 48 27 15 43 64 7 46 55 35 44 4 65 9 3 62 62 53 23 57 26 37 59 45 24 5 51 45 4 34 20 28 40 46 19 50 29 37 58
43 58 30 40 17 16 48 38 10 25 42 30 61 8 7 11 30 51 16 25 58 16 54 60 32 49 10 40 39 13 3 29 39 29 52 37 63 35 33 55 54 43 27 12
19 4 15 21 36 29 20 3 60 23 28 55 58 16 38 59 37 1 10 60
