5000 200
14 27 37 75 67 54 14 10 37 36 2 12 75 37 7
60 68 4 45 10 43 19 35 65 15 57 3 17 32 9 5 40 12 48 18 72 20 32 72 32 15 35 11 57 56 28 6 49 11 7 23 28 60 12 3 5 67 16 73 1 45 11 39 65 39 43 15 45 15 38 58 38 10 74 50 3
50 10 59 1 16 12 20 24 35 30 29 41 42 45 64 2 36 37 49 43 14 17 72 68 41 5 50 33 29 6 9 18 57 74 68 60 68 55 10 63 58 57 25 9 1 3 32 38 49 15 65
94 66 39 74 40 42 33 11 74 49 48 75 49 42 34 75 63 26 4 17 8 38 61 19 68 2 42 11 45 30 51 19 47 42 49 27 45 19 53 11 27 56 55 60 49 41 29 15 71 8 65 69 52 44 62 65 12 23 51 12 54 55 74 45 36 37 42 35 1 52 45 37 69 7 45 5 33 71 33 28 33 58 24 11 75 29 6 33 8 43 66 34 24 41 25
80 45 74 40 26 27 7 56 11 30 17 2 28 38 3 23 19 52 14 37 5 60 43 50 42 55 31 62 67 18 14 30 11 11 70 25 23 39 37 26 28 33 63 11 26 48 52 47 28 11 59 75 75 71 72 46 11 41 26 65 67 19 13 24 28 55 52 47 54 25 62 66 31 17 48 75 6 19 66 29 29
61 62 16 12 53 59 73 10 1 21 69 30 67 51 13 19 36 41 30 11 61 34 61 30 16 65 8 6 73 27 40 66 9 18 28 64 18 70 56 47 70 60 36 21 12 48 29 62 74 37 68 28 69 16 34 35 52 18 69 18 42 56
4 71 18 70 39
90 2 34 26 47 40 16 60 75 47 16 7 28 28 65 73 16 24 3 20 1 64 10 72 33 22 54 75 45 19 12 63 5 54 11 75 11 46 40 23 50 73 58 7 59 63 51 21 60 66 55 10 20 75 14 9 12 49 2 19 43 46 59 1 12 19 46 7 57 26 61 51 47 40 5 3 55 55 50 35 58 11 51 1 46 62 30 52 61 6 54
54 26 20 4 68 54 29 33 30 20 5 26 57 5 24 23 72 67 15 1 31 41 60 67 47 12 10 54 38 6 12 5 49 57 43 44 72 57 23 69 30 4 60 49 24 42 33 23 72 56 73 24 34 21 59
89 34 75 22 60 24 51 15 73 45 53 73 7 16 20 58 38 33 26 21 20 8 28 55 22 24 69 50 33 59 29 71 63 51 29 33 40 73 24 40 4 20 27 66 18 28 6 71 14 30 16 44 64 59 24 1 29 42 67 28 70 45 50 33 41 13 62 18 6 4 50 38 21 46 24 19 38 60 68 34 51 31 58 39 39 3 48 54 70 13
32 12 59 43 74 6 57 19 37 57 61 55 15 40 12 68 26 59 65 2 62 69 42 1 43 58 5 5 1 52 23 63 20
25 75 33 11 44 45 4 51 72 48 52 33 16 37 22 41 13 28 60 40 38 46 38 62 42 56
27 42 21 44 52 75 18 71 69 18 57 19 1 69 5 28 10 17 51 16 40 67 42 20 12 35 66 70
78 39 67 13 12 22 12 23 72 65 8 62 38 63 48 12 68 4 55 24 13 25 43 57 7 22 51 67 13 73 34 63 48 16 38 43 6 20 13 74 48 48 36 16 31 56 14 68 40 22 39 18 11 29 8 7 36 51 52 2 30 10 45 16 22 62 65 7 4 54 63 31 52 35 63 16 14 63 37
73 22 69 35 35 54 55 4 54 11 29 49 27 4 19 54 46 63 24 64 33 46 13 14 73 50 16 69 45 50 9 24 62 69 17 59 42 53 28 27 25 37 38 70 72 64 69 65 57 10 36 61 10 21 54 65 48 6 66 73 60 67 65 22 70 69 36 33 48 43 33 52 34 7
71 22 55 44 17 11 74 49 33 42 60 72 51 45 31 9 61 29 54 35 5 11 44 6 40 38 7 72 16 58 45 2 9 2 40 68 26 34 31 28 32 53 26 10 53 62 40 25 41 69 67 68 25 40 37 2 10 25 29 45 18 12 51 63 73 42 70 43 10 37 72 12
49 66 39 58 75 11 47 45 59 15 44 69 65 58 21 21 75 11 43 3 28 50 65 69 73 65 50 16 41 48 27 11 44 7 73 6 71 24 63 33 53 27 42 22 62 47 13 43 8 22
54 23 9 45 12 36 33 57 58 51 75 3 14 45 12 23 49 2 20 44 13 68 29 61 31 51 35 38 21 4 64 22 20 10 72 20 44 23 12 1 20 33 59 23 12 17 18 73 54 13 36 12 74 4 35
62 49 34 41 58 16 52 23 57 13 31 7 10 54 69 27 20 19 12 59 30 62 32 47 18 31 3 6 23 66 34 71 69 68 24 47 44 3 46 5 27 59 28 67 9 55 25 62 42 33 45 42 29 7 18 63 31 10 25 62 42 27 66
47 49 47 25 5 17 62 3 19 47 70 73 32 60 5 70 12 29 47 24 49 31 54 9 27 53 20 9 46 68 13 69 19 1 10 72 20 41 71 28 23 52 35 68 28 46 56 66
16 35 22 59 63 75 7 68 28 17 42 35 63 27 13 53 18
11 57 7 52 35 1 62 42 61 67 15 31
65 8 11 8 37 46 66 28 28 17 14 6 71 52 6 54 17 58 46 52 27 15 21 28 24 64 24 71 45 55 59 58 28 6 11 18 62 55 70 11 41 12 67 18 10 9 3 74 72 51 23 30 66 45 1 66 72 3 52 69 36 15 67 9 8 60
2 31 16
15 11 60 42 57 28 66 58 50 62 32 47 62 17 63 47
12 43 38 54 55 34 27 52 34 57 14 74 66
73 20 36 47 24 15 64 46 7 61 18 51 68 69 71 67 23 57 9 8 9 69 20 56 56 15 53 74 70 27 75 9 49 54 21 42 73 34 21 15 23 39 26 55 28 41 57 50 25 61 21 4 22 50 25 68 50 16 42 25 20 6 48 26 3 37 29 34 23 58 28 37 27 59
26 28 36 37 48 48 2 57 75 25 3 49 12 4 45 6 35 9 27 12 27 40 20 12 72 55 61
85 52 3 50 11 1 62 23 30 5 52 48 45 55 69 16 66 5 40 57 37 26 50 27 66 75 20 51 6 41 75 45 45 9 22 51 17 21 18 17 71 18 65 3 31 24 19 24 23 58 68 48 19 20 39 65 30 73 70 4 62 24 72 21 18 32 45 28 59 27 73 9 68 59 61 19 43 11 34 23 73 17 73 63 5 51
93 41 19 52 56 66 63 38 16 40 28 27 57 28 1 70 74 47 27 72 19 40 47 43 20 47 47 44 35 19 53 57 65 63 17 1 53 3 75 45 26 10 60 12 64 18 27 34 32 48 74 59 21 31 27 37 9 3 27 26 65 69 39 7 69 34 51 51 51 37 38 53 17 25 22 71 2 57 23 26 50 11 13 73 69 45 8 17 9 39 6 57 70 24
48 44 73 55 40 33 44 35 40 8 48 71 69 40 65 56 31 9 65 20 56 75 57 36 48 44 6 4 60 21 30 17 32 12 11 25 69 33 7 74 16 62 17 57 10 40 17 47 39
8 34 41 10 52 31 12 58 1
14 7 39 28 57 51 40 20 7 19 43 57 65 31 3
31 35 68 55 64 37 45 68 65 24 71 11 58 43 52 62 44 1 69 54 50 70 17 66 74 3 15 70 29 59 11 25
11 61 31 75 55 72 58 31 7 39 7 3
36 1 3 33 4 59 7 20 5 5 64 50 35 61 45 54 6 28 56 2 64 46 60 11 6 17 10 26 53 38 1 72 5 28 15 32 60
2 24 43
33 16 5 65 13 29 18 20 24 20 7 27 19 61 8 31 62 62 53 24 66 53 4 3 12 2 42 4 9 30 52 55 20 60
40 61 50 18 10 16 54 70 10 44 55 72 18 64 2 24 39 27 27 19 13 33 20 39 33 16 35 41 46 35 62 14 29 57 49 36 61 25 60 17 69
5 26 23 70 43 48
82 27 46 34 46 32 34 55 52 34 57 9 19 16 58 13 21 68 16 27 32 9 35 38 42 3 57 17 61 24 8 30 39 55 57 49 37 48 18 8 59 29 75 36 72 36 51 35 16 59 51 14 16 15 20 64 19 56 64 40 43 39 27 15 12 5 1 74 35 25 74 69 20 4 71 26 60 61 41 51 68 46 11
90 2 18 25 36 11 55 46 40 8 72 55 4 48 30 45 3 75 8 63 52 43 72 32 50 49 20 69 69 74 52 74 75 27 69 25 71 4 51 27 16 46 52 42 9 34 28 35 41 8 9 22 75 52 75 19 34 60 72 43 45 46 7 27 69 51 28 16 6 44 60 19 61 22 22 23 29 24 5 49 51 7 57 42 36 26 21 8 10 5 27
25 26 3 14 40 13 29 57 46 21 38 59 15 31 72 52 17 46 74 27 60 23 3 65 41 34
92 48 74 1 20 55 33 32 11 66 17 71 1 6 69 13 14 75 62 56 26 20 63 74 46 42 63 56 52 13 24 41 16 42 28 66 62 59 10 34 43 14 12 75 5 31 50 51 45 47 42 1 6 6 56 44 69 17 38 75 15 70 7 18 69 6 9 8 27 14 54 68 25 29 73 62 1 34 42 33 18 53 73 60 40 19 15 67 27 23 52 74 50
72 21 9 70 49 50 47 56 34 10 54 40 48 66 3 37 36 20 29 28 48 20 52 64 13 42 36 75 4 25 71 49 70 7 18 28 18 55 34 63 46 52 46 71 40 45 38 27 24 72 21 39 61 11 24 46 73 20 45 45 51 71 6 34 6 16 67 3 51 3 72 23 11
85 11 15 66 75 25 16 68 45 68 73 62 59 10 40 17 62 19 55 62 75 42 48 12 41 28 74 32 56 44 36 19 3 52 24 22 63 64 74 41 4 25 44 1 65 68 75 20 39 75 74 46 62 68 62 38 35 56 12 69 42 42 35 73 70 7 15 66 7 64 65 8 8 68 54 61 47 44 54 35 35 41 63 68 61 50
87 23 39 38 29 71 21 53 31 52 35 34 15 44 24 69 15 52 46 67 11 3 39 53 58 32 62 67 43 46 8 38 7 12 74 17 1 44 59 33 26 22 42 39 13 60 22 20 68 62 7 60 33 56 69 46 23 37 26 64 52 24 69 56 7 38 18 44 31 28 33 11 16 2 18 57 49 12 52 21 57 49 75 69 7 59 38 67
60 68 34 50 42 26 67 55 44 30 39 23 24 38 46 16 11 4 66 42 23 11 13 70 66 73 34 47 72 9 35 26 18 28 32 40 38 2 44 56 54 67 16 29 17 1 27 58 25 26 39 25 58 12 3 49 66 51 47 5 37
25 45 54 38 17 29 47 42 64 50 3 38 38 28 26 58 30 52 42 46 35 51 10 2 39 23
100 74 15 21 25 6 57 39 68 20 73 35 57 43 17 45 67 60 15 68 5 5 2 9 12 33 62 34 54 12 22 33 62 10 14 17 20 14 26 40 45 11 59 17 51 13 66 56 65 15 17 68 28 38 48 32 56 38 14 58 40 52 25 5 27 55 47 13 59 69 49 13 29 50 59 75 47 20 62 9 52 32 19 41 45 36 12 74 39 9 26 4 18 4 61 39 49 4 55 2 28
8 3 24 62 15 49 74 74 51
70 61 33 20 19 30 15 4 49 21 38 21 13 53 22 40 47 64 35 72 49 39 47 16 23 42 37 12 51 34 65 21 2 54 23 29 55 57 37 10 11 40 74 53 37 68 10 22 42 5 19 65 15 35 72 45 65 8 53 62 61 15 29 24 6 9 75 63 34 73 56
7 49 55 54 33 18 7 23
91 53 18 3 28 53 60 50 47 22 23 40 49 64 59 71 55 11 68 3 9 16 70 47 69 17 40 43 71 20 21 68 58 67 15 22 16 65 39 12 13 15 2 67 39 8 44 22 48 64 18 5 50 41 39 40 64 21 38 69 45 53 61 72 55 59 24 71 26 45 35 40 53 27 53 40 32 49 71 62 66 32 62 6 63 39 35 71 69 17 21 65
9 5 47 23 48 31 54 1 30 75
34 17 22 1 40 57 16 38 8 60 10 65 75 18 8 51 28 26 2 12 19 2 37 45 47 8 71 72 14 26 36 24 50 38 58
38 38 16 53 27 35 70 32 66 36 44 27 35 57 27 48 26 41 34 14 33 61 39 25 40 30 15 51 32 43 53 56 17 18 42 18 53 8 38
2 15 46
54 44 20 67 54 50 50 15 37 34 66 74 13 30 16 2 52 3 15 17 50 1 45 60 64 12 8 33 11 10 36 28 74 7 58 1 45 26 5 24 1 38 70 21 30 34 27 20 60 9 38 22 72 20 17
10 56 53 50 31 71 9 23 28 70 28
31 48 45 62 13 23 8 16 49 17 51 44 53 72 27 25 26 65 53 24 45 28 32 32 47 75 40 50 10 49 26 38
29 19 23 65 20 21 20 4 10 3 16 17 7 39 6 36 3 67 54 74 60 4 48 4 73 25 29 15 18 40
36 13 7 22 57 47 15 37 74 26 75 61 6 2 62 71 65 47 31 27 45 61 23 8 24 55 59 47 13 16 49 13 1 21 4 17 55
36 44 40 5 1 31 20 69 55 62 58 10 1 25 10 71 20 43 32 36 52 4 75 46 28 39 40 2 30 51 61 7 60 73 20 59 55
73 5 7 54 11 23 3 1 52 54 73 2 3 18 13 25 74 6 25 67 14 14 19 63 40 41 29 19 7 21 14 27 66 49 64 36 71 3 13 70 8 23 21 53 31 9 68 22 8 3 20 47 75 2 50 50 52 61 65 69 64 75 50 75 56 22 62 33 65 23 12 72 7 48
44 47 18 27 17 13 3 57 56 62 31 63 51 44 20 19 5 27 52 57 58 58 33 1 65 68 5 16 47 14 4 24 59 43 64 2 69 42 50 7 45 29 32 71 63
58 64 70 35 60 43 5 21 73 24 20 37 26 1 61 34 73 44 24 47 34 11 50 13 4 9 75 56 72 1 67 29 59 67 20 14 36 15 75 10 28 23 39 3 72 6 28 34 34 63 47 40 63 69 34 51 36 24 27
26 68 40 25 38 35 37 74 12 47 16 1 1 8 61 41 2 64 38 43 7 57 48 33 64 27 26
96 24 25 22 45 66 10 21 47 73 15 7 16 3 44 40 40 42 49 10 59 36 46 14 10 40 74 38 49 56 60 19 27 15 48 13 27 65 46 9 37 10 47 7 45 72 53 4 8 26 36 21 27 74 74 15 38 34 45 68 40 75 71 42 23 7 21 69 9 13 52 66 58 11 8 46 27 18 28 10 17 25 16 13 21 72 31 56 11 44 30 60 72 28 49 28 11
85 58 50 11 27 42 50 26 6 69 55 69 18 32 54 25 22 11 19 22 3 11 43 42 65 17 54 21 54 30 18 54 12 22 32 67 27 30 67 51 33 45 75 70 54 2 56 28 37 68 55 36 11 47 1 58 62 57 47 66 3 1 70 12 33 68 40 32 15 11 53 22 12 58 37 38 14 64 10 12 51 14 39 1 57 60
28 62 41 30 26 15 48 30 52 24 62 52 1 36 30 19 24 11 37 16 61 60 38 53 57 11 24 69 60
13 5 61 33 44 34 16 57 54 71 44 9 9 3
26 19 29 74 44 56 3 70 24 73 54 3 1 32 25 18 53 20 61 70 38 52 20 68 53 67 61
41 32 19 26 58 49 42 4 5 36 3 33 13 13 62 24 24 66 57 21 20 52 63 31 9 4 13 64 74 67 67 17 68 32 54 4 38 44 74 1 14 20
76 45 72 39 47 60 16 69 40 67 52 62 51 19 62 32 74 35 60 29 32 15 69 58 40 50 72 19 25 9 27 27 75 44 58 11 20 61 68 2 36 7 70 10 31 45 74 58 68 36 48 14 28 28 74 22 8 31 12 32 6 12 68 64 50 52 63 27 18 74 74 29 48 58 6 35 73
68 74 28 73 32 66 52 59 35 74 46 22 46 27 60 7 26 52 24 47 25 72 6 13 75 59 26 21 51 56 27 53 60 51 37 11 69 48 69 24 41 17 2 39 72 37 13 55 38 32 66 63 64 47 18 67 4 54 31 15 46 41 57 30 41 39 11 31 14
15 29 22 14 13 53 15 69 61 26 22 66 61 14 13 61
7 24 69 41 9 14 41 71
52 42 2 25 62 16 55 6 6 17 48 49 50 5 4 17 34 36 30 74 42 26 37 33 66 19 57 51 2 72 17 19 32 11 70 30 32 5 70 40 21 24 59 38 38 3 13 47 6 44 9 63 14
78 57 9 51 21 71 47 45 67 70 66 66 42 35 39 52 44 60 4 28 1 27 13 4 75 16 25 45 47 53 46 58 29 65 31 4 10 59 34 22 61 35 40 75 41 13 55 64 61 26 48 34 46 63 36 63 26 36 17 24 53 46 35 8 55 19 48 21 71 67 18 51 17 65 9 17 71 24 4
20 16 21 73 54 36 41 72 20 10 30 26 24 30 13 68 1 44 54 14 36
35 24 66 36 28 45 64 25 35 75 70 61 43 17 16 67 41 17 36 63 41 67 68 62 35 43 44 65 27 58 1 8 19 58 59 53
98 33 4 37 74 54 26 67 72 75 49 7 15 23 10 2 52 34 30 51 7 60 13 55 20 14 66 24 47 3 51 57 39 53 11 39 55 1 52 5 63 15 30 6 58 63 2 54 34 2 74 44 26 71 23 66 4 52 61 40 6 18 55 55 19 18 45 62 66 27 29 32 69 57 16 7 60 63 42 65 34 56 54 6 74 64 40 71 32 24 60 6 26 64 56 65 52 54 54
37 57 11 47 38 21 9 34 51 28 60 8 12 55 65 51 47 47 54 20 1 10 18 29 58 25 68 69 8 33 12 10 24 51 3 49 73 67
37 72 13 15 31 11 18 45 69 40 10 2 4 34 17 21 52 5 41 5 29 21 8 18 15 31 48 49 6 3 39 57 44 25 58 53 29 59
32 39 65 3 4 10 65 66 56 65 7 35 48 27 25 31 55 66 31 1 33 32 66 16 59 67 41 12 75 46 63 8 57
72 4 55 8 37 30 70 31 9 23 3 43 17 63 62 12 21 7 20 41 46 8 16 60 13 11 8 62 54 35 28 68 54 72 6 59 49 58 64 73 41 10 57 52 46 32 57 50 40 62 6 2 47 36 44 4 48 31 43 47 24 45 61 6 3 56 42 48 43 57 37 48 73
12 50 22 12 25 57 55 28 60 31 11 53 71
80 64 33 33 47 36 21 7 30 73 26 15 15 65 31 11 38 24 22 7 34 65 19 44 50 46 2 28 16 32 3 48 50 27 37 62 58 54 47 2 13 47 31 42 26 58 20 56 27 66 28 6 28 3 11 8 36 34 28 19 36 24 69 66 16 50 29 6 11 58 62 46 11 20 59 59 63 50 57 30 21
94 55 4 28 61 3 4 66 33 28 41 46 31 27 40 17 19 40 31 74 72 74 44 67 32 63 60 50 24 6 44 30 63 61 74 50 2 68 69 2 2 65 48 37 67 52 27 28 23 31 46 45 56 36 69 72 25 9 67 58 66 17 71 70 16 4 16 59 12 25 55 63 65 52 28 42 60 44 45 60 8 15 20 53 42 64 20 28 6 44 18 10 53 11 20
71 62 24 10 33 35 71 29 50 5 38 41 52 69 33 25 8 21 60 53 5 45 11 56 49 20 74 47 67 30 75 74 50 54 15 7 59 31 23 29 58 51 33 66 19 35 66 75 17 57 75 74 11 1 43 73 71 2 26 19 31 25 7 30 43 38 60 26 1 2 19 37
57 1 67 36 60 67 40 72 43 63 50 71 52 56 30 58 49 47 36 14 51 24 66 55 60 68 63 26 15 57 2 57 64 5 65 55 6 21 51 57 44 63 60 17 12 8 35 53 19 70 12 55 43 32 31 41 71 8
8 16 69 65 37 3 24 42 73
80 68 38 8 2 21 66 73 14 4 40 22 3 40 16 23 28 48 55 60 67 38 75 37 60 15 62 18 34 18 35 37 28 29 42 65 53 43 74 14 71 13 25 22 3 30 61 53 4 52 8 70 25 45 73 40 62 73 68 54 24 47 5 69 43 72 72 38 35 47 40 13 44 70 71 18 25 11 36 31 69
93 2 2 58 32 16 44 74 59 74 54 8 43 31 48 71 6 4 16 4 2 72 38 37 4 49 52 55 13 24 1 1 68 16 44 4 35 73 26 14 43 33 68 56 5 30 65 46 28 45 51 37 66 59 26 6 24 68 72 24 43 22 61 15 15 59 42 75 28 59 49 73 19 37 66 30 54 40 37 67 27 41 62 34 64 7 72 73 4 68 2 52 20 41
96 49 8 25 41 37 58 2 29 66 55 7 57 10 1 62 4 75 65 30 48 1 25 70 25 40 15 10 26 11 10 53 37 2 11 15 37 9 34 33 27 30 3 26 65 75 42 2 53 74 28 47 46 57 18 37 56 75 24 20 69 34 17 71 13 36 66 4 53 3 48 66 7 75 11 33 25 36 60 14 24 13 18 63 71 70 51 74 29 67 50 52 6 6 35 6 8
37 48 62 51 25 41 53 37 23 57 11 53 39 38 20 19 23 46 38 6 18 60 60 50 50 6 55 16 54 34 65 22 2 63 14 64 19 49
45 59 21 63 74 28 66 74 17 9 14 39 66 27 45 10 37 49 52 74 8 24 63 17 61 10 36 49 9 62 44 27 40 35 66 68 73 57 51 35 47 61 39 7 25 46
66 73 53 19 66 53 30 45 61 23 33 26 28 21 56 56 58 45 72 59 38 40 8 52 62 17 35 17 65 53 42 1 9 16 41 56 34 34 37 46 34 3 20 49 35 16 71 49 67 72 37 62 12 48 61 26 45 26 15 36 12 45 3 37 72 52 67
50 42 29 41 71 70 73 62 45 38 71 47 75 58 17 25 13 48 43 39 49 50 51 45 4 4 50 50 62 16 4 47 54 54 2 4 33 23 8 4 22 38 46 72 71 17 23 68 74 18 46
30 41 48 21 73 49 2 36 62 14 41 56 65 34 59 31 28 17 45 52 3 27 66 23 27 65 46 47 70 60 48
63 37 15 12 31 36 15 37 42 24 36 49 18 30 8 67 61 49 67 49 70 63 69 13 23 35 73 29 43 17 62 13 24 23 59 40 49 21 57 71 61 29 22 38 34 74 39 25 37 1 24 45 21 61 74 15 46 49 43 8 75 4 9 58
81 27 46 51 4 5 27 64 33 48 73 53 61 12 31 62 8 22 7 57 62 31 54 58 31 6 70 44 60 6 18 8 13 10 16 75 44 1 67 42 1 46 3 57 16 42 23 43 45 71 53 69 40 50 40 29 17 21 19 60 72 42 37 3 9 10 48 7 33 24 58 10 55 43 75 74 18 50 1 21 47 24
26 53 69 60 66 50 13 67 51 10 2 58 29 41 62 5 12 37 13 22 46 75 70 21 65 49 69
67 3 66 41 9 65 5 22 49 29 67 34 28 16 58 30 47 10 46 11 25 48 49 74 15 3 7 19 5 38 26 7 74 75 11 4 18 75 57 53 57 30 75 46 1 32 34 46 64 57 75 73 58 39 36 24 36 21 70 34 7 52 27 74 36 28 11 59
24 59 72 64 33 28 57 33 60 42 70 5 19 54 69 36 2 29 5 3 45 15 58 18 57
73 51 48 63 74 14 34 53 9 58 14 56 19 49 43 50 12 73 49 70 38 57 4 5 24 46 66 17 66 23 41 71 41 46 56 35 56 59 27 7 75 51 23 61 11 31 6 58 65 4 46 50 55 73 29 27 13 48 51 44 3 64 29 73 6 61 40 74 11 48 46 34 43 70
34 61 27 34 61 66 26 32 39 20 26 48 46 50 64 63 5 49 69 61 51 2 70 29 68 6 25 75 58 28 54 21 23 56 48
9 35 71 18 8 7 16 4 9 62
46 73 10 40 75 54 50 33 49 1 54 36 15 20 5 18 44 19 63 60 7 36 31 47 1 4 57 49 1 30 21 16 17 72 29 52 1 25 56 19 23 23 73 49 43 72 61
32 42 12 20 75 75 43 6 49 13 44 27 33 53 32 23 48 46 23 47 18 48 53 36 12 53 56 37 72 7 47 6 69
21 28 51 26 71 42 37 20 22 17 45 40 45 31 21 19 2 4 47 13 39 48
50 15 34 43 18 69 52 58 42 54 56 27 70 24 68 17 14 16 31 70 62 49 50 11 69 51 50 69 67 66 1 58 40 23 13 25 51 22 50 13 25 34 27 4 24 68 47 65 44 30 30
77 41 69 66 64 48 1 24 40 19 13 73 67 13 10 48 44 54 22 43 47 27 38 5 67 42 24 2 20 57 68 43 16 40 26 29 38 55 29 35 16 55 45 41 48 8 66 70 55 73 70 5 20 14 6 17 30 7 20 12 9 58 63 69 61 39 3 5 23 19 15 29 13 52 50 7 64 5
43 63 57 30 71 63 3 40 11 21 59 35 75 68 33 4 57 5 4 30 32 36 75 11 68 38 73 6 4 62 18 32 17 18 30 35 56 22 27 13 69 25 36 72
87 29 30 45 74 11 60 11 36 7 30 26 45 71 56 6 64 35 3 50 9 26 9 35 30 26 3 53 12 6 60 34 14 72 30 11 42 52 4 13 72 73 11 67 17 2 40 34 33 48 30 9 6 20 72 49 34 18 3 10 12 56 56 20 45 73 51 46 52 65 75 43 49 58 37 21 4 31 29 16 66 29 3 34 10 51 61 35
6 55 28 21 18 50 67
92 32 37 72 54 39 27 58 27 46 10 15 7 61 18 34 72 7 75 22 72 33 5 7 4 49 23 24 19 61 49 64 15 58 69 32 42 52 18 49 7 68 59 73 48 14 69 68 5 75 42 74 26 69 73 38 9 44 15 24 30 16 43 28 28 74 53 6 36 69 49 51 9 22 74 38 18 13 14 38 53 46 52 44 70 45 44 35 22 37 26 38 15
80 2 3 66 30 74 12 12 74 22 75 7 35 7 8 56 52 46 31 22 44 55 6 4 6 58 64 25 18 50 53 55 48 31 9 58 20 32 10 25 58 28 15 56 45 51 75 34 70 43 72 34 21 68 8 10 11 69 53 47 63 47 61 22 31 68 19 46 5 69 69 36 31 10 16 8 21 21 66 21 53
100 48 52 55 9 14 47 74 23 64 18 30 71 12 27 3 6 1 51 59 69 39 50 54 69 38 7 35 75 9 2 73 42 2 46 35 46 67 51 70 72 21 32 17 21 13 19 21 52 19 43 21 35 18 70 4 7 44 6 47 58 74 6 6 4 39 44 27 6 21 11 23 24 26 58 74 21 28 14 37 62 30 58 66 8 67 40 2 66 60 8 66 53 28 42 41 42 37 32 54 57
41 9 21 12 12 70 49 20 42 46 42 72 18 46 65 52 3 15 19 70 14 40 74 41 27 30 7 8 52 37 66 14 36 42 23 34 22 35 18 53 17 61
10 75 3 21 46 68 43 17 72 50 52
85 62 74 46 36 54 59 33 68 13 67 66 53 64 66 34 23 29 49 69 10 42 20 9 56 65 17 65 44 61 57 52 44 65 59 29 35 63 17 19 28 10 61 55 23 54 29 62 24 17 31 72 21 58 54 60 25 63 48 50 73 18 36 5 75 11 21 69 70 28 21 48 9 51 15 71 54 39 23 9 10 45 42 30 46 63
13 11 61 25 35 49 19 65 25 20 9 14 56 72
86 46 11 60 33 41 38 53 71 48 65 6 40 13 14 63 53 58 29 1 51 11 1 24 32 64 33 21 51 55 72 13 68 51 66 46 29 74 66 29 71 51 3 19 7 24 5 19 60 56 33 3 57 68 38 51 74 58 31 48 44 7 31 11 47 53 67 49 41 63 4 54 19 43 67 39 47 68 5 39 1 75 28 28 45 2 44
43 50 52 57 11 44 11 73 73 19 53 73 21 29 62 5 35 53 41 46 5 16 46 73 57 42 71 25 47 74 16 64 59 68 31 41 61 57 19 72 58 23 30 60
38 72 15 58 26 39 25 27 30 62 63 5 9 10 17 44 60 14 31 60 63 45 39 49 19 8 1 32 3 63 28 74 8 54 46 40 5 68 56
10 6 17 14 23 63 26 66 64 22 40
35 34 72 22 74 65 43 51 5 31 29 14 62 13 74 46 58 57 40 53 11 32 33 49 50 13 34 55 26 43 11 66 70 22 20 8
100 15 39 34 6 51 1 32 9 22 39 8 34 34 36 37 58 58 26 17 23 69 56 36 3 42 66 30 49 2 21 10 73 8 41 12 68 33 50 32 63 44 67 64 1 15 64 45 10 32 20 33 4 4 65 34 45 54 7 22 37 44 33 8 71 36 33 16 27 20 75 69 68 74 58 47 37 20 4 71 44 27 30 33 42 49 16 45 32 54 40 31 33 73 5 23 33 64 22 9 39
19 58 37 42 70 58 34 71 8 72 72 45 59 18 23 72 13 14 1 9
88 28 13 5 50 24 5 27 74 51 1 40 44 49 12 64 16 69 28 68 32 30 31 5 26 43 9 13 3 28 36 52 19 53 72 58 56 15 70 45 30 3 13 55 40 26 65 14 13 26 11 59 3 59 22 26 8 4 26 36 50 13 10 56 28 53 38 75 11 41 33 15 55 59 24 20 37 58 10 61 5 73 26 22 56 30 73 25 4
76 1 38 46 20 60 21 55 15 29 37 14 24 13 45 40 28 46 33 51 7 31 15 26 71 13 47 9 5 3 38 63 17 24 65 31 75 61 1 73 26 28 28 4 62 59 67 28 22 61 51 21 38 8 72 24 42 19 40 29 23 75 66 33 56 56 12 5 38 45 11 18 32 62 33 59 34
75 62 29 9 66 37 38 32 69 4 20 26 45 35 19 39 23 9 65 15 3 63 25 20 62 37 73 20 25 52 2 50 52 56 54 10 50 14 61 24 58 69 54 9 35 51 51 70 21 42 37 49 38 51 55 35 69 15 29 13 61 74 25 61 11 67 45 33 7 35 20 10 15 60 26 30
23 32 67 67 52 58 24 4 9 25 14 29 22 13 75 65 8 4 56 49 39 36 30 2
1 5
90 4 21 71 32 38 44 74 64 52 73 63 12 46 68 39 67 68 25 62 43 15 59 33 57 64 39 35 70 4 46 2 6 75 33 68 31 19 60 37 30 73 57 13 27 19 10 17 39 58 31 31 36 6 26 66 7 52 60 16 31 14 68 27 63 71 55 35 26 22 41 15 69 23 75 42 49 31 40 4 63 75 18 42 46 34 58 27 10 28 9
45 41 16 15 43 28 31 32 57 47 74 73 42 16 24 71 4 16 54 63 24 58 63 17 5 5 38 49 75 44 28 44 18 66 39 26 48 15 3 63 20 4 26 63 11 12
87 57 56 48 13 7 34 29 48 5 33 73 75 13 18 38 42 47 50 70 72 23 48 37 57 34 7 56 23 8 39 73 72 64 10 72 63 50 47 49 35 64 73 54 69 1 8 32 4 20 44 1 42 12 19 4 24 53 53 54 20 19 14 32 1 71 44 62 11 70 18 70 75 48 4 18 52 24 60 43 73 64 51 36 74 55 25 19
80 41 37 30 15 45 16 39 3 6 67 1 34 44 32 69 31 38 18 30 66 20 75 70 63 32 59 6 5 38 17 15 21 41 43 72 17 51 72 20 58 31 3 75 33 2 52 52 64 50 73 21 74 11 70 75 50 37 33 8 39 62 72 41 19 2 57 66 34 60 55 64 43 39 4 72 40 67 2 60 39
60 11 75 59 25 60 52 26 18 37 19 71 6 23 43 39 21 72 44 12 34 44 23 23 69 12 52 61 33 43 75 50 62 55 3 60 3 16 18 43 45 61 20 8 18 52 16 27 3 19 56 38 12 69 3 16 59 9 52 56 42
50 46 2 55 58 61 32 37 3 43 30 15 69 44 63 28 19 48 15 60 61 35 66 28 67 65 72 51 52 13 16 38 63 53 35 2 67 72 9 15 26 68 9 7 10 55 10 61 56 41 11
1 53
49 36 58 40 67 24 3 28 28 62 23 5 56 2 23 10 59 18 32 1 58 11 58 68 13 54 70 32 33 18 11 55 54 2 56 43 10 9 45 60 5 31 32 8 34 66 48 12 38 34
71 46 41 16 19 45 58 72 50 38 39 47 12 65 34 40 53 30 27 16 34 19 37 9 74 33 3 74 52 63 68 55 25 34 59 11 17 23 43 58 2 42 12 1 28 74 43 1 30 2 35 74 9 55 35 44 31 38 11 44 49 75 27 46 65 13 15 25 18 39 55 62
16 59 7 43 4 63 15 66 38 60 11 53 6 26 73 16 3
78 3 73 74 24 61 2 2 75 60 72 74 41 37 1 39 60 67 58 55 55 27 48 27 19 20 27 1 54 73 55 50 32 33 69 52 26 50 20 58 74 71 2 10 66 32 55 25 67 75 41 75 66 49 21 32 58 25 20 49 54 21 32 20 1 41 51 71 49 59 66 59 55 31 61 63 30 22 28
76 63 72 41 20 16 48 22 12 64 57 20 60 61 62 29 46 71 55 9 74 22 26 52 38 61 74 8 60 7 39 11 14 37 4 51 18 37 11 32 44 47 75 10 74 18 15 43 55 16 30 70 63 16 16 50 13 70 75 57 41 75 58 1 63 70 42 34 39 18 68 14 29 37 56 24 10
51 29 6 33 34 5 28 35 39 9 51 38 62 1 11 9 71 34 48 60 44 72 68 54 12 67 16 7 14 52 11 28 75 65 52 58 8 30 58 42 33 74 45 18 74 68 73 61 41 39 9 18
64 12 46 65 62 17 36 44 66 58 39 54 5 31 70 8 33 11 55 62 29 25 65 32 12 23 31 7 41 21 7 27 61 27 1 36 27 52 71 55 6 25 55 6 2 14 41 61 29 57 73 1 54 74 40 22 62 36 38 35 31 19 33 11 18
64 17 23 32 7 44 44 22 56 61 68 32 6 18 11 27 35 52 32 48 70 10 27 31 75 66 10 28 62 11 73 10 8 46 65 44 6 28 57 53 43 68 55 45 66 45 69 74 45 49 52 26 37 66 68 43 66 21 61 2 11 75 18 4 1
14 63 7 14 52 28 48 69 22 32 14 73 11 6 53
95 5 32 43 40 22 30 58 27 2 75 34 49 36 6 26 53 50 11 22 54 58 20 46 17 51 24 13 39 29 40 9 46 6 58 1 53 28 60 24 37 45 67 58 64 27 69 1 63 17 53 38 19 36 61 42 63 51 69 53 36 2 75 62 22 10 37 6 68 59 57 9 18 48 70 12 61 51 56 47 57 70 17 42 41 38 43 31 35 1 20 73 37 71 27 4
1 25
65 71 33 3 6 14 44 5 29 41 32 53 20 20 43 30 31 53 73 62 17 75 72 53 16 31 21 65 57 55 33 70 57 37 33 43 63 71 53 5 37 46 1 23 52 54 10 31 58 13 70 67 72 75 33 63 4 12 60 57 12 56 19 73 46 61
33 3 44 31 30 10 23 47 54 54 32 1 22 49 71 45 47 10 25 72 12 22 64 61 36 64 21 17 60 51 57 22 74 26
78 5 69 53 60 50 4 14 66 58 32 18 66 19 62 62 51 33 23 67 74 71 53 58 29 17 17 49 1 50 73 18 11 66 31 39 26 5 12 22 42 66 29 75 64 28 4 33 29 49 39 75 30 45 31 26 61 75 66 52 59 13 37 47 34 2 45 2 66 49 3 41 10 32 39 38 30 34 5
28 52 14 46 19 45 56 64 9 32 48 44 9 20 52 6 7 37 37 63 65 63 14 60 13 69 12 67 29
18 6 67 26 29 39 31 56 20 75 29 20 50 36 18 27 51 51 13
63 59 5 48 63 63 40 69 22 27 45 3 24 8 20 39 74 72 7 58 42 63 71 53 27 15 29 8 61 17 33 20 16 13 32 13 49 34 1 41 70 43 32 65 28 53 10 40 2 23 48 25 31 34 54 71 36 66 17 25 61 15 30 29
73 11 12 34 57 5 57 69 29 58 66 5 11 72 38 25 53 60 42 19 14 72 29 70 64 25 37 7 14 55 36 2 28 44 67 6 46 17 11 44 55 69 37 50 34 71 19 51 18 10 20 72 71 3 47 54 3 18 74 2 65 22 73 61 3 40 64 26 74 53 68 33 47 64
64 73 24 16 74 55 3 8 14 65 37 75 64 41 64 27 72 64 62 45 14 43 40 33 51 40 70 68 39 33 63 5 41 68 5 52 11 61 1 36 42 25 46 40 30 46 46 54 15 47 2 38 19 46 1 73 61 61 7 70 65 23 46 2 33
63 51 60 55 50 55 24 30 42 18 52 75 29 24 39 66 38 34 31 14 60 38 66 49 21 5 26 12 13 61 12 73 55 25 39 25 67 16 34 53 38 72 67 41 5 36 47 41 62 69 69 66 36 12 63 62 55 7 47 6 56 57 72 28
64 71 25 4 73 13 26 21 2 36 58 42 45 71 57 71 46 51 65 9 41 74 64 18 28 4 71 10 59 28 19 5 23 27 33 5 11 16 16 13 8 15 70 26 46 32 15 7 41 32 60 55 4 45 74 18 14 23 47 29 17 64 5 5 24
98 45 33 44 58 26 71 21 40 20 31 36 69 21 30 37 46 28 28 6 49 1 27 26 22 23 33 63 41 47 70 66 27 43 30 17 46 57 64 2 18 73 75 48 65 24 41 16 70 47 40 27 28 24 11 69 70 1 35 46 7 29 11 1 67 65 65 38 27 69 19 22 51 42 14 27 68 44 12 14 8 37 33 9 29 22 67 71 61 24 39 41 6 68 7 22 65 57 26
49 38 57 42 14 28 67 53 52 71 22 18 44 23 19 4 21 7 2 46 12 7 53 33 72 44 69 24 57 50 5 73 56 48 68 50 12 14 67 74 23 32 63 52 61 9 17 17 45 13
10 7 47 38 75 23 25 25 23 74 36
54 67 14 55 25 6 54 55 54 68 32 33 51 55 19 42 11 17 66 24 13 36 52 40 73 58 3 48 58 54 54 66 72 36 51 74 32 28 44 7 18 70 4 72 46 73 55 23 39 9 37 59 21 25 58
73 48 42 47 42 20 4 45 59 18 60 28 71 57 40 19 23 2 66 61 48 7 33 24 20 30 41 33 48 5 38 44 51 59 36 33 8 10 52 32 34 39 65 66 67 58 50 71 25 21 18 42 60 48 24 33 4 11 5 23 64 74 12 8 9 26 69 29 54 8 66 17 6 60
36 23 17 13 72 64 14 4 11 53 3 56 20 19 44 26 19 24 32 49 8 68 30 43 53 8 73 50 5 74 32 68 6 5 46 66 15
9 46 10 29 10 4 29 18 53 25
78 40 28 21 23 2 35 74 11 58 12 24 51 17 27 44 60 15 72 48 48 39 30 29 70 31 20 38 7 62 24 22 69 52 53 22 60 55 74 41 62 9 12 32 29 73 7 33 64 5 75 3 1 9 31 73 1 53 65 51 33 73 25 30 5 33 28 46 72 60 31 21 50 35 42 7 23 69 62
54 49 43 28 61 73 48 70 17 7 22 68 70 53 2 74 67 47 14 65 28 6 56 73 31 67 50 43 14 67 53 23 61 1 27 5 74 26 14 13 72 71 43 75 5 9 22 14 48 62 37 47 29 12 39
44 63 46 15 23 28 4 22 65 28 34 27 35 3 27 69 60 13 51 18 58 16 70 42 18 8 16 2 43 3 3 3 46 6 12 55 58 31 67 41 66 65 13 26 75
70 39 13 30 30 54 34 43 23 26 41 73 70 74 74 8 71 74 44 17 48 45 34 60 25 64 38 69 18 20 53 60 67 55 11 13 15 1 7 5 56 40 72 42 44 30 32 45 22 18 63 28 16 39 53 37 34 30 67 31 56 10 72 68 19 2 58 68 10 23 39
52 40 58 69 55 31 30 13 33 36 51 75 22 58 27 58 18 2 3 17 64 22 53 15 53 59 14 26 12 38 40 55 62 44 27 10 12 32 24 69 13 54 24 70 45 58 45 75 10 44 63 42 60
64 42 33 8 71 63 46 14 12 69 37 67 65 42 66 41 63 49 41 23 34 53 74 63 49 55 67 50 40 59 23 24 50 39 54 42 33 16 42 56 33 36 49 18 39 1 49 64 47 26 41 44 60 4 52 38 67 68 70 52 69 40 26 31 3
90 51 25 67 45 9 4 75 12 49 71 68 72 51 10 11 64 42 34 26 75 41 52 18 50 4 2 15 59 58 62 43 39 56 70 21 39 29 47 61 24 65 66 63 12 17 53 39 52 24 55 61 56 19 18 43 10 1 3 45 29 44 23 13 75 15 69 10 1 21 71 30 20 23 6 59 49 15 36 46 28 5 14 19 68 36 31 21 51 1 64
71 15 33 68 11 59 70 70 5 67 30 69 21 34 35 74 10 22 73 62 75 29 14 67 12 22 31 47 72 11 65 14 65 33 19 22 65 30 58 52 22 15 24 52 65 59 38 50 39 35 56 38 18 49 13 2 61 33 7 26 25 63 67 13 60 73 8 52 60 60 45 50
73 9 22 67 43 15 1 70 22 61 19 29 48 23 33 18 49 69 47 72 55 6 59 64 35 59 31 39 25 59 43 13 10 73 56 69 43 1 74 60 55 63 58 18 33 39 67 42 71 2 33 64 10 71 39 4 31 45 73 61 71 21 10 31 22 53 66 51 8 32 27 16 68 35
76 29 4 33 53 22 51 29 43 47 10 29 17 42 67 11 8 11 72 72 22 63 66 34 72 7 5 37 43 44 15 65 57 71 26 61 74 23 12 2 8 1 60 16 71 66 61 41 61 14 34 11 27 51 46 16 34 72 14 62 54 15 53 8 6 26 69 74 34 4 1 11 21 57 56 14 21
59 56 61 25 18 22 33 24 12 72 33 17 66 36 21 39 43 36 40 31 6 15 5 30 22 23 37 42 9 14 47 22 71 72 45 38 54 43 70 40 44 60 60 43 48 72 5 58 44 55 73 19 4 29 12 68 55 14 47 35
70 49 46 6 10 30 10 28 3 6 73 51 59 59 55 29 30 14 75 65 2 55 47 30 71 20 71 26 16 72 62 57 49 60 37 59 1 4 33 26 57 66 22 69 17 22 35 30 68 25 59 34 29 1 39 30 10 16 32 10 54 57 10 60 10 35 45 74 17 47 42
46 66 60 60 59 47 63 37 10 40 62 25 60 17 5 69 2 47 40 64 54 45 13 51 69 66 26 67 54 73 35 12 33 42 14 57 40 41 32 60 1 35 27 47 40 72 9
24 57 10 29 56 40 17 49 44 25 65 64 51 26 50 38 75 23 20 72 44 31 10 52 72
83 48 73 19 58 38 63 56 45 36 42 8 5 33 9 7 63 28 55 45 9 63 2 4 51 33 38 61 17 69 6 57 58 1 26 43 47 32 42 71 75 51 47 9 61 3 42 65 63 61 11 74 7 60 9 7 34 70 33 43 24 2 57 42 2 27 62 36 52 30 70 45 13 38 13 40 6 51 1 22 30 70 26 58
84 52 12 42 32 23 20 71 9 4 28 22 46 44 1 14 10 3 47 22 18 18 3 48 6 53 1 34 36 72 59 40 9 51 48 7 36 58 70 3 21 63 64 9 60 15 71 12 20 33 58 75 14 71 55 48 45 7 62 47 53 73 14 12 46 20 6 70 59 51 34 32 11 6 39 40 29 12 54 20 29 25 10 7 57
96 54 19 14 38 8 47 51 22 61 39 24 50 44 7 26 64 4 14 24 28 40 60 10 56 50 16 56 17 61 47 54 10 16 26 6 38 37 5 10 8 29 32 29 49 8 25 45 6 57 50 75 52 16 58 57 38 43 72 17 14 15 66 2 64 32 70 24 50 50 58 61 64 63 23 42 18 24 60 48 31 35 44 46 17 1 23 62 64 42 44 14 62 35 29 21 34
21 17 16 65 32 73 42 50 8 75 63 44 41 33 49 35 21 67 30 16 4 15
93 33 43 39 69 45 28 30 3 16 43 24 65 71 25 9 8 45 43 4 62 7 34 4 72 22 2 55 4 60 1 75 8 68 73 2 37 48 5 10 23 53 70 49 41 73 9 37 42 62 9 36 74 54 60 6 32 60 63 62 34 25 50 65 70 70 56 18 22 47 67 68 43 50 44 6 63 48 39 1 71 3 38 42 14 47 35 14 50 53 56 6 46 29
32 25 63 46 13 21 10 73 37 36 73 68 55 29 34 71 46 64 60 33 7 10 56 15 57 24 1 59 9 21 36 24 69
65 2 22 51 7 11 73 2 17 38 16 12 52 72 58 65 33 27 12 36 10 59 30 37 59 11 48 71 75 32 12 67 52 5 16 13 75 36 44 71 75 60 13 74 35 50 17 30 11 22 56 1 32 11 4 70 72 67 49 63 56 24 14 42 64 41
96 33 32 51 38 49 69 6 65 11 34 60 64 31 56 37 26 34 39 39 43 2 33 71 70 22 45 15 39 49 32 23 61 73 75 74 63 10 51 43 28 75 10 10 32 32 41 3 41 25 14 4 23 22 75 74 47 16 11 35 17 71 29 58 36 57 75 65 63 24 50 55 26 57 65 75 38 4 16 50 19 12 39 19 45 60 22 4 67 35 64 13 16 22 20 8 59
10 39 33 32 49 50 45 57 45 5 45
55 74 31 68 22 7 57 4 3 3 10 43 39 66 2 4 5 65 29 52 14 72 37 74 19 14 19 27 25 2 70 73 65 43 66 72 14 8 26 53 3 27 7 36 15 24 39 30 71 68 54 55 42 42 25 59
5 14 59 34 34 57
46 60 27 56 17 62 14 67 26 39 33 7 9 20 37 2 53 27 47 48 57 17 27 2 8 60 61 4 19 23 32 29 1 44 49 64 9 31 8 34 75 40 28 44 16 48 11
82 21 21 17 61 34 7 65 42 38 71 25 69 72 49 56 16 74 69 28 25 3 55 65 41 8 9 53 58 26 48 71 57 63 53 62 57 58 70 38 55 57 43 54 70 20 36 61 36 49 51 34 30 11 15 68 30 25 54 2 74 71 32 4 59 13 3 69 66 4 6 12 40 38 52 10 19 26 12 62 43 10 20
53 45 21 30 69 66 68 5 70 64 16 46 41 13 4 8 25 23 28 53 7 67 29 20 52 27 42 18 33 56 36 51 56 60 45 45 64 75 75 27 74 7 58 10 10 53 62 18 64 34 15 23 62 71
33 51 61 17 30 27 28 8 32 51 73 18 65 1 39 26 64 61 70 31 12 69 74 42 3 3 31 39 14 20 27 16 4 3
