5000 250
93 46 32 26 29 36 11 54 15 55 30 44 36 1 38 53 60 10 54 8 39 17 55 37 25 33 9 26 38 42 8 7 44 34 56 41 10 50 6 59 31 20 53 15 54 50 52 55 25 19 17 39 4 6 33 27 17 6 30 9 53 21 52 7 29 35 13 30 19 12 30 31 11 4 26 57 17 47 40 49 27 48 6 19 33 45 39 22 10 54 48 34 12 1
56 12 12 56 48 38 58 3 19 54 9 31 49 55 50 56 12 7 38 32 45 41 7 54 49 40 57 10 21 16 43 10 17 16 45 47 46 25 35 60 6 56 32 24 18 43 60 18 33 41 2 38 8 38 25 38 19
68 29 51 35 24 30 11 22 54 6 41 15 55 17 24 35 1 7 26 9 14 56 37 47 4 40 35 1 50 14 38 9 32 2 11 26 45 21 28 34 46 32 37 54 13 39 32 46 50 10 12 24 2 20 14 3 44 13 45 37 2 54 21 17 51 34 41 50 38
33 11 16 46 45 24 36 2 36 5 13 26 30 51 37 35 44 32 37 29 46 6 41 21 42 48 44 14 59 7 46 52 10 50
39 45 39 4 51 25 32 32 27 51 46 34 29 33 36 35 40 38 45 11 5 55 5 22 59 20 43 34 55 48 16 6 4 21 35 20 19 56 59 14
22 27 16 29 39 39 35 35 50 40 49 14 40 29 46 25 1 7 57 32 45 2 58
47 48 25 59 18 22 13 3 28 58 40 26 31 59 34 47 5 37 55 1 33 54 41 44 22 19 22 10 24 29 4 31 7 42 18 59 38 53 43 33 3 7 6 45 11 32 4 50
2 31 43
74 47 1 24 57 27 49 46 13 42 51 35 33 32 1 58 26 37 57 4 50 53 1 58 35 10 31 6 37 60 14 40 31 34 30 44 19 38 55 32 7 53 31 45 33 36 53 15 20 38 7 40 45 60 50 57 16 2 27 55 44 18 42 12 7 14 33 19 29 7 14 60 22 47 58
88 28 33 39 19 44 39 51 48 6 54 49 50 10 33 39 50 32 52 43 24 39 6 42 5 30 57 8 39 45 19 39 26 52 24 43 60 25 25 55 41 42 7 54 21 47 15 29 45 56 21 55 37 54 56 35 39 3 30 13 54 25 51 26 36 31 19 47 3 13 34 25 47 48 60 9 21 12 19 31 37 25 9 8 45 29 22 2 26
15 16 5 52 23 4 57 31 3 35 41 1 33 45 3 11
59 53 12 39 30 9 43 26 30 25 6 40 37 16 24 44 59 26 46 5 43 13 44 30 37 47 43 58 5 60 20 27 12 41 4 33 17 38 10 60 13 26 33 27 8 38 6 23 5 28 9 39 32 38 14 22 46 27 57 11
45 31 27 54 31 20 16 36 15 18 10 2 16 15 48 30 46 34 50 9 42 9 25 2 14 22 55 30 20 45 14 20 55 34 25 12 45 13 24 29 11 30 45 21 40 3
37 47 28 45 1 41 27 46 35 4 42 14 11 29 37 13 28 23 3 22 15 30 10 48 36 56 6 1 21 30 18 28 47 19 57 12 21 10
27 54 10 46 32 5 29 17 18 1 54 60 42 10 53 3 57 23 52 44 25 42 32 44 53 60 30 12
19 1 36 38 48 2 14 48 36 34 26 28 3 50 31 38 30 10 35 28
46 28 31 25 30 24 11 49 6 28 11 49 8 2 30 43 17 21 12 54 33 17 12 48 7 55 55 29 17 42 32 2 42 46 48 30 18 6 42 42 58 13 4 4 13 32 4
34 13 45 48 55 52 20 32 53 29 54 44 7 13 42 25 39 35 55 57 4 48 15 13 4 4 28 35 18 17 20 41 32 46 25
89 59 53 25 34 23 2 59 60 9 52 43 33 5 50 39 16 23 52 44 21 59 55 33 59 5 37 42 49 46 11 45 45 45 28 51 51 7 24 29 11 8 3 29 37 24 55 3 53 44 11 34 39 24 35 34 19 27 25 16 57 53 19 33 14 31 46 38 35 8 45 27 24 6 37 41 40 26 4 18 8 11 51 27 26 47 50 53 45 5
1 32
37 26 28 46 21 5 42 33 51 49 56 16 30 40 40 6 54 24 28 16 16 14 56 37 2 4 23 19 8 52 18 45 25 1 56 51 14 57
9 54 20 9 46 4 33 18 11 51
60 24 11 59 1 22 22 24 8 53 42 31 49 58 40 45 10 36 34 51 18 49 22 50 47 42 38 9 52 26 58 40 18 48 40 33 48 3 55 25 27 59 1 57 9 11 9 5 22 49 60 36 4 44 19 27 47 48 35 36 11
40 49 3 3 59 51 10 11 38 4 11 36 50 52 38 5 28 46 52 12 38 12 9 18 32 20 34 47 28 24 16 57 10 24 46 13 18 60 23 2 55
64 60 36 12 25 9 2 41 16 48 50 59 2 55 27 5 18 44 24 60 58 22 60 60 25 53 46 23 55 33 54 13 53 3 32 56 26 57 5 45 55 26 3 12 36 11 30 24 4 27 37 34 29 58 8 42 45 16 2 53 51 18 44 54 7
28 60 3 42 46 40 15 26 55 45 33 23 56 36 8 3 34 3 48 15 19 31 43 18 57 1 5 23 11
70 16 51 46 59 4 16 11 23 57 32 47 26 4 23 25 5 7 1 49 7 47 7 43 12 36 34 23 36 5 1 59 46 59 58 48 36 10 25 9 43 50 29 4 28 27 40 17 38 60 23 13 42 25 15 1 42 38 40 55 52 24 7 31 37 20 5 12 9 55 5
95 6 51 44 30 21 44 59 51 2 53 52 51 47 12 4 10 52 33 14 22 17 28 19 9 39 16 20 22 35 18 35 29 16 50 23 16 27 34 43 32 16 36 13 36 31 12 39 51 35 57 1 16 12 14 7 42 2 34 20 57 21 39 55 23 24 31 6 6 25 32 54 35 26 35 54 8 5 59 32 60 23 59 4 16 35 33 4 19 12 44 5 9 33 7 57
48 7 29 14 39 9 54 6 45 24 50 28 55 48 24 52 34 5 8 33 36 6 29 49 28 27 19 11 38 12 15 8 18 19 60 37 18 9 53 9 31 8 26 56 55 9 16 19 58
96 2 42 30 46 25 28 21 49 13 43 32 51 1 15 12 36 30 35 12 48 59 17 32 58 28 38 37 12 25 36 19 39 56 46 30 59 3 20 4 33 39 42 8 47 17 5 17 7 29 36 43 39 4 23 42 40 17 42 41 39 45 58 16 4 39 10 1 57 41 21 28 4 45 37 45 5 55 47 39 3 25 30 35 32 39 31 55 35 57 57 5 42 43 35 31 36
78 54 11 5 5 30 1 27 32 17 4 44 59 55 14 1 32 17 58 9 3 26 35 18 60 29 50 53 32 55 52 1 18 12 34 28 54 2 1 19 46 28 13 35 57 11 30 39 56 25 22 37 31 2 2 4 1 56 50 47 59 31 44 51 36 14 58 23 58 38 42 34 28 37 59 9 28 44 7
88 24 36 51 57 20 21 60 33 31 25 52 43 51 25 3 53 42 5 53 22 11 11 14 4 34 9 31 16 5 42 17 4 39 51 21 50 39 3 9 27 51 4 48 13 21 37 3 43 33 56 12 14 39 3 57 52 31 54 39 40 9 31 43 25 17 13 39 35 6 39 33 26 5 10 9 10 20 19 32 28 44 19 24 34 48 42 13 26
58 9 14 58 39 9 26 34 15 57 24 6 51 32 42 48 48 55 56 26 57 46 49 18 19 60 51 12 46 54 47 56 57 12 15 18 17 7 2 5 47 41 14 35 53 55 30 2 27 5 11 50 59 57 56 15 5 44 5
16 53 43 56 51 3 5 31 4 47 53 58 46 4 24 31 29
32 56 38 54 20 35 28 60 5 26 21 27 6 31 29 1 53 24 41 42 13 8 53 10 14 15 24 51 24 46 21 33 4
85 20 5 54 18 47 25 45 14 46 50 57 32 50 38 14 11 28 60 56 3 14 44 56 32 54 21 14 11 3 60 42 47 6 59 15 32 18 45 51 27 50 36 4 57 5 34 38 3 1 4 33 2 12 20 34 4 10 48 23 7 44 25 21 50 25 28 23 56 17 37 52 20 46 36 9 8 37 15 24 23 41 58 12 54 26
10 38 8 59 51 3 7 22 8 58 59
84 48 20 9 35 17 29 40 21 60 29 4 32 56 55 40 18 28 2 8 6 4 21 19 27 25 31 54 17 30 12 15 43 42 57 40 32 29 26 51 4 14 2 5 38 34 36 54 26 32 32 57 27 39 45 44 52 10 57 45 16 39 20 26 56 29 11 54 10 22 19 59 1 20 20 2 26 30 13 23 24 59 56 42 19
56 56 28 56 38 49 41 55 45 25 59 26 39 11 16 12 2 4 25 50 55 46 31 7 58 13 1 30 41 29 35 56 51 12 15 16 40 30 25 7 21 54 3 24 60 60 58 1 48 56 43 43 13 51 40 25 10
79 59 19 5 6 20 9 50 58 10 36 25 27 10 4 42 15 39 19 16 55 5 49 11 33 54 41 35 36 27 37 47 55 2 19 20 60 29 25 14 58 13 15 23 33 18 29 15 33 19 51 58 7 7 12 1 23 45 20 55 13 50 60 59 57 50 2 29 47 1 47 20 5 23 49 54 36 4 28 57
17 1 16 7 56 34 50 59 21 2 59 54 46 19 50 45 27 19
100 11 5 17 42 19 33 30 2 33 31 60 10 38 56 8 7 51 3 24 43 49 14 35 35 51 22 59 52 17 2 48 22 55 29 49 25 38 37 30 60 47 42 30 9 3 26 44 21 48 60 18 15 4 60 37 35 60 29 43 45 7 40 24 9 10 59 47 9 37 18 8 15 44 49 57 19 10 37 28 42 8 42 2 53 38 16 47 6 59 59 15 12 43 5 43 53 10 28 33 24
44 18 24 38 21 32 35 32 32 42 44 25 31 60 43 24 22 25 35 31 31 6 48 31 8 12 42 51 18 20 35 16 24 3 43 44 14 18 57 41 24 39 1 15 48
60 35 1 47 4 22 9 1 33 52 51 43 10 58 7 30 12 55 20 46 19 57 2 13 25 58 28 41 30 41 43 40 28 12 51 40 33 60 47 13 16 2 20 14 55 21 7 42 56 21 59 39 1 31 4 50 45 26 10 23 42
59 58 58 40 60 23 19 23 37 29 28 59 55 18 9 5 55 21 20 37 26 56 32 34 3 24 51 41 27 27 5 48 31 4 19 39 38 20 16 25 41 14 26 19 40 50 28 48 41 23 8 31 13 38 28 54 43 12 52 41
36 22 24 39 48 52 56 9 46 11 42 57 11 18 47 48 39 50 21 40 3 16 20 60 19 21 56 49 2 58 30 51 55 33 8 27 22
23 53 13 25 5 4 52 33 51 24 56 60 38 22 12 52 49 35 46 54 23 49 29 56
41 59 11 20 24 49 26 26 50 22 60 32 9 13 41 7 26 2 25 54 32 38 60 58 21 55 51 56 39 9 57 32 50 10 7 25 29 9 41 14 25 18
36 14 20 5 19 49 2 46 46 43 30 37 52 57 30 44 15 26 54 16 53 52 27 2 13 54 36 4 20 32 57 58 11 31 60 48 39
96 56 1 48 60 27 27 31 40 35 47 7 4 54 53 57 2 4 60 13 14 55 32 57 1 38 46 52 48 28 6 2 53 2 55 15 39 29 51 44 31 7 43 29 47 53 3 35 31 29 24 35 51 14 2 9 37 52 30 37 51 19 54 6 54 35 35 31 20 1 37 42 36 46 51 38 49 58 43 4 49 7 32 54 5 21 10 42 32 9 53 60 4 25 41 42 4
69 15 12 19 22 39 23 4 57 2 6 30 50 60 39 39 26 14 47 22 21 8 43 36 43 50 40 19 19 37 52 55 44 16 13 31 56 56 60 20 18 18 33 6 19 47 38 53 15 23 20 55 41 47 26 42 30 10 1 38 5 60 19 25 11 34 59 20 21 27
14 23 1 9 28 20 19 16 20 34 17 26 11 16 24
84 53 50 12 22 26 16 25 55 53 39 58 1 5 1 8 34 59 26 60 41 13 56 10 46 36 57 23 4 1 27 26 7 44 43 57 47 59 43 16 59 1 10 4 38 43 45 52 49 46 36 20 16 18 4 52 20 35 31 46 20 28 2 10 32 49 11 27 7 36 7 28 60 58 3 7 56 3 50 38 29 57 36 17 16
77 9 45 43 21 59 18 28 14 14 14 20 56 5 52 18 13 29 59 22 58 59 53 21 18 31 16 25 21 45 15 10 56 14 55 39 4 54 34 1 58 4 48 15 33 51 3 24 55 15 40 33 38 19 3 3 10 44 9 17 34 57 22 54 37 15 33 40 6 51 56 10 37 33 55 30 25 59
6 31 32 56 22 52 14
44 19 24 23 27 25 33 1 25 11 50 34 48 9 13 1 16 36 2 1 9 52 11 1 8 38 43 49 6 39 25 5 26 55 29 59 18 52 47 59 27 50 23 31 4
77 38 50 3 46 33 22 27 28 55 2 47 12 32 24 36 52 9 52 11 60 55 41 49 10 41 6 22 26 48 30 1 28 14 55 39 58 34 15 3 54 10 31 43 46 8 25 37 47 50 14 5 10 56 54 10 58 48 56 34 59 5 60 1 46 5 25 49 44 33 51 58 54 10 46 36 39 41
72 11 14 37 10 29 32 19 18 51 24 19 12 18 29 41 23 37 34 58 6 54 29 23 35 48 18 32 35 27 31 26 28 39 20 23 51 47 42 49 45 3 44 59 42 20 30 29 28 21 31 35 25 10 13 8 44 50 14 6 12 26 8 8 1 19 50 10 60 17 40 54 4
32 42 53 6 14 31 31 54 4 7 20 28 29 34 20 43 6 3 47 5 13 15 30 60 17 16 55 37 38 41 21 58 23
28 40 6 55 53 43 25 48 47 54 39 35 44 31 23 40 8 17 31 40 6 59 36 57 35 34 27 15 10
65 11 4 8 39 44 17 13 29 43 50 18 28 8 11 28 16 39 22 51 35 7 40 11 17 20 53 55 17 3 8 4 2 36 31 14 35 16 46 19 11 55 17 36 8 8 1 44 40 20 24 49 59 21 17 13 54 60 60 38 52 52 54 12 24 56
38 47 6 53 31 39 5 10 36 40 53 10 5 53 4 45 41 21 37 29 8 19 59 23 56 2 3 31 8 20 15 5 5 59 23 29 21 11 35
89 25 37 42 33 16 32 16 17 26 36 2 59 48 44 59 22 49 9 10 3 40 56 11 7 32 5 28 26 8 35 43 54 18 7 51 47 8 47 45 16 48 6 43 19 7 24 30 7 59 27 9 52 40 44 19 53 28 49 8 17 17 21 14 50 20 31 18 40 19 4 46 41 38 53 40 4 20 46 10 38 16 41 23 35 14 18 43 1 39
29 18 55 55 16 6 22 54 10 47 42 43 35 59 37 3 53 42 60 38 20 57 40 49 6 56 46 44 36 6
20 34 57 46 57 52 59 18 17 45 42 52 25 35 7 22 49 15 19 36 8
20 3 12 8 20 49 36 16 18 51 15 35 23 21 4 35 22 22 30 49 47
14 36 31 23 58 49 21 28 26 22 19 44 57 55 33
73 8 48 8 19 13 42 43 32 4 27 51 6 46 49 56 37 40 42 21 34 59 44 36 21 3 55 25 7 49 32 23 31 50 60 10 51 13 42 4 19 39 26 25 50 28 1 12 54 18 50 38 25 41 53 33 30 58 53 2 50 21 35 39 52 21 13 53 42 34 10 12 25 14
85 36 57 45 3 33 41 33 56 25 16 35 57 28 16 37 52 17 8 13 58 38 18 32 20 19 52 51 50 47 56 29 16 31 14 30 6 7 51 54 48 60 37 13 50 5 25 4 21 16 51 4 43 52 55 56 20 3 59 37 40 31 45 39 39 35 33 41 57 38 53 50 60 49 46 1 17 52 7 3 31 44 12 17 17 42
60 7 45 20 35 55 51 33 39 27 37 19 3 37 56 31 46 18 11 23 12 31 13 59 28 6 24 58 2 25 17 53 55 25 23 47 12 30 40 32 36 16 47 42 57 13 10 39 37 37 50 32 51 40 18 3 27 8 51 52 57
73 36 31 5 31 5 38 49 6 6 30 14 44 17 53 22 15 24 19 38 13 57 47 51 20 45 4 30 5 32 31 24 59 1 36 12 28 5 40 26 42 9 38 41 16 3 48 37 26 3 2 2 27 41 35 58 8 26 19 44 32 35 28 14 16 2 40 45 17 44 14 60 53 28
55 25 59 49 28 38 35 35 32 6 28 24 45 10 4 48 20 55 32 22 2 23 23 6 57 9 48 10 43 39 53 13 20 27 39 45 34 1 22 41 56 35 32 29 21 10 33 44 55 42 35 36 52 51 1 10
36 1 28 25 47 25 12 43 46 41 1 52 33 14 33 51 2 58 21 5 50 7 43 57 4 39 55 40 2 12 34 25 47 7 54 1 12
81 19 8 9 33 36 55 46 40 23 25 59 28 53 6 58 3 5 14 33 26 52 40 45 23 43 18 38 24 55 3 25 54 3 20 38 54 49 45 35 25 17 32 3 58 11 25 47 16 9 6 25 16 13 48 30 39 23 26 60 44 31 29 43 1 37 55 18 46 17 57 10 4 6 46 60 58 33 20 18 43 38
33 60 1 14 12 35 16 27 12 44 38 3 58 20 32 13 25 48 38 33 5 15 11 40 35 19 29 23 15 42 3 59 40 20
53 52 52 50 54 28 3 31 30 36 33 29 24 20 13 9 34 20 49 45 30 24 29 50 42 47 21 24 15 34 32 1 49 5 49 40 31 52 22 5 7 38 17 60 37 6 52 47 38 8 28 41 29 10
48 32 31 23 53 6 55 47 16 17 50 29 19 41 4 55 31 41 6 34 54 19 28 25 2 53 58 30 30 34 59 39 13 50 31 41 16 44 32 24 59 38 53 21 51 7 9 25 6
8 12 22 49 3 21 25 30 13
15 4 45 7 31 27 52 13 60 58 52 52 33 60 43 23
35 52 58 9 58 15 50 35 59 32 11 39 16 6 7 42 17 17 8 28 33 31 53 13 9 19 29 22 42 57 33 59 45 47 5 37
28 11 59 31 57 60 8 32 60 41 11 27 41 20 46 22 21 36 40 55 22 11 42 17 19 7 40 18 33
69 12 13 39 28 21 32 41 22 26 26 55 43 9 8 13 5 36 51 60 28 26 44 23 50 13 23 10 22 10 35 34 39 47 14 8 51 27 46 30 3 12 59 31 24 53 13 35 26 17 58 23 5 22 40 14 32 17 32 45 17 56 18 30 10 18 41 59 48 22
75 14 58 59 59 3 12 57 46 51 13 22 35 51 27 22 20 58 49 54 14 26 44 38 19 30 58 29 7 27 19 18 3 24 4 48 6 35 26 39 30 28 52 20 60 55 37 47 43 53 59 60 45 53 40 42 35 38 35 58 53 1 58 21 6 22 14 56 8 59 17 35 27 45 27 35
53 8 14 59 14 16 47 2 43 57 34 3 31 39 17 23 8 59 14 60 58 31 25 48 37 4 31 30 50 3 8 49 23 40 26 44 32 31 57 57 13 44 2 1 11 33 1 21 46 21 56 33 12 58
83 19 59 14 17 53 8 33 4 41 47 58 20 28 23 16 26 41 10 33 7 53 51 26 54 27 56 5 9 44 38 17 59 41 34 35 58 23 9 36 53 19 35 60 1 18 59 55 41 24 45 27 42 20 10 29 53 59 13 33 50 22 37 2 38 33 8 58 14 51 3 43 55 36 38 48 50 59 47 30 53 59 57 12
29 53 41 13 20 18 34 35 36 20 52 30 47 49 23 37 48 35 8 33 27 51 31 56 17 27 60 23 14 54
35 29 54 39 53 36 7 35 48 30 56 18 43 33 3 53 53 32 35 11 5 60 44 14 12 2 8 29 8 54 53 19 3 10 20 55
12 18 17 26 57 53 7 32 50 32 15 60 9
31 39 33 11 50 58 36 52 31 43 10 60 20 11 29 46 14 56 54 10 59 18 47 50 32 49 30 51 43 26 32 4
22 15 5 29 18 9 27 28 36 49 8 26 17 57 9 46 42 15 6 51 48 43 5
1 47
59 49 26 10 20 20 25 51 35 25 31 19 32 15 13 19 53 41 30 12 23 38 33 17 20 40 60 44 11 45 30 49 6 51 49 19 54 40 21 49 10 30 53 35 42 57 60 35 21 15 30 24 1 23 44 17 31 33 10 5
96 47 17 57 40 46 9 54 36 37 7 32 36 43 31 34 46 51 9 47 59 8 18 26 30 23 19 48 50 11 40 44 44 52 5 16 58 6 20 25 5 1 13 9 38 3 56 18 4 48 48 14 47 31 51 45 39 58 2 10 16 51 45 56 9 38 10 56 3 54 31 6 37 7 12 25 8 10 54 30 37 20 57 21 21 4 59 43 37 29 40 26 36 21 21 48 10
80 16 10 40 47 23 32 21 26 16 53 32 15 33 29 29 33 59 48 9 48 58 4 4 8 3 12 14 36 46 22 28 6 11 47 30 39 50 54 52 55 6 2 41 58 47 33 37 28 43 20 42 8 24 53 28 50 19 11 54 42 50 24 52 24 8 2 22 4 36 53 49 21 22 53 51 49 35 36 31 51
81 14 40 58 12 28 2 37 37 13 21 36 42 46 43 60 39 57 42 6 31 37 52 25 32 36 40 32 32 46 54 39 3 54 29 17 13 29 49 47 41 34 27 52 45 14 32 51 3 7 59 43 12 35 20 31 31 24 30 14 10 57 10 57 2 5 44 37 47 39 41 37 9 13 32 4 46 37 47 4 32 29
79 32 48 58 6 13 20 6 39 15 22 46 4 42 54 26 52 6 10 7 28 13 55 22 8 14 9 52 32 5 52 2 35 37 57 6 12 8 40 12 33 13 46 18 41 15 12 30 56 18 25 4 16 26 34 57 36 25 58 1 6 19 44 23 29 55 29 49 1 42 51 16 42 13 52 24 53 20 40 11
95 45 27 26 49 36 39 21 16 41 4 23 4 8 20 39 27 43 56 21 39 43 51 18 32 5 27 7 40 2 39 51 29 7 38 48 51 39 3 22 25 23 36 34 6 19 1 38 20 51 24 15 34 30 58 27 44 12 52 17 34 39 31 46 42 43 40 18 41 18 17 23 59 47 24 6 11 44 5 55 54 54 14 60 55 52 56 19 15 47 9 5 51 41 16 13
39 18 10 24 43 12 48 8 14 58 47 26 13 33 48 46 19 46 57 19 17 38 60 12 33 36 15 29 50 35 25 31 50 45 10 23 4 44 6 40
73 47 33 41 56 48 3 57 47 18 43 9 2 35 60 57 36 49 57 21 7 30 34 57 42 12 43 59 18 50 27 48 38 54 29 16 38 3 36 48 27 20 15 39 38 56 30 21 31 40 14 41 48 9 4 33 38 46 1 2 3 3 22 35 36 20 60 4 6 31 14 13 21 22
43 24 44 44 6 57 12 35 56 42 46 21 17 33 41 41 1 4 42 43 28 39 4 41 52 15 28 60 5 16 55 60 18 50 58 52 13 33 29 26 26 42 12 54
17 43 40 41 53 58 45 10 24 34 30 26 30 15 20 2 6 19
7 9 59 45 30 6 32 26
50 23 21 36 35 53 28 58 34 12 49 15 15 51 56 1 57 49 43 60 39 2 17 20 34 12 2 9 18 37 32 17 40 36 18 37 20 56 34 46 55 49 19 51 33 23 48 56 39 33 22
73 38 41 9 14 11 1 50 56 15 50 55 32 47 8 47 8 49 20 45 52 59 57 52 18 16 5 11 12 33 46 4 5 26 45 13 39 14 48 45 47 36 32 39 9 3 36 5 38 14 42 10 60 32 40 41 34 25 43 13 16 20 28 10 55 37 57 38 60 7 51 13 44 5
24 7 32 21 15 13 24 1 38 15 18 5 35 20 34 59 30 4 55 38 39 27 3 33 19
83 17 7 20 6 21 13 17 50 40 32 58 56 48 25 8 54 32 22 60 9 46 30 47 48 24 55 52 56 29 11 59 2 9 34 23 47 26 10 6 41 52 60 25 42 19 14 39 43 30 31 43 5 45 46 13 40 9 17 6 5 13 8 56 13 50 47 13 57 15 57 39 1 11 21 11 7 55 39 34 19 46 13 58
25 11 44 37 34 40 44 11 11 43 35 10 25 29 11 46 27 35 57 30 22 3 17 29 40 43
100 28 36 5 23 15 24 41 5 45 5 37 35 43 11 33 58 48 19 52 41 35 42 11 55 6 51 9 5 15 14 46 4 7 27 53 42 59 31 59 16 11 13 24 50 44 32 31 30 12 12 33 2 15 30 37 13 56 52 16 11 49 41 35 51 48 2 33 34 50 44 3 39 55 27 2 30 41 35 29 33 60 4 30 11 16 41 38 35 25 58 45 44 39 24 10 21 58 33 10 2
43 36 37 6 7 16 11 4 7 2 30 44 19 36 6 19 12 24 32 18 59 29 11 58 18 42 9 11 9 43 1 42 24 1 13 1 49 45 6 25 18 54 37 38
100 34 27 4 41 48 58 48 42 45 20 52 19 40 52 40 18 44 7 18 9 21 20 32 4 6 15 59 47 23 44 10 29 16 16 45 13 28 52 34 58 39 6 16 57 16 46 29 25 37 57 5 53 58 37 32 37 38 48 32 11 48 7 55 32 40 6 3 57 54 47 35 60 6 37 29 44 3 42 20 20 20 59 56 13 51 52 4 14 24 54 5 58 46 55 42 48 19 7 59 41
43 24 30 53 43 47 43 53 50 33 1 19 46 46 33 4 11 8 29 59 26 21 5 32 54 16 12 34 8 6 14 5 52 17 8 50 56 41 8 35 23 2 33 32
23 54 21 36 30 14 43 42 46 35 14 50 39 27 52 20 7 38 54 56 14 40 27 17
35 33 12 49 27 30 19 11 11 53 29 41 8 34 14 13 27 12 17 60 2 12 46 29 7 1 41 36 59 43 49 57 47 53 24 46
29 25 28 58 37 24 34 45 14 23 21 5 42 18 39 25 39 43 5 36 17 40 33 54 19 44 47 49 52 19
98 34 56 35 36 52 37 22 14 35 14 44 2 12 15 12 8 24 48 39 42 10 32 55 42 2 13 14 57 15 40 23 60 32 31 54 56 31 33 12 46 25 3 59 10 29 26 9 15 9 56 46 48 17 45 6 51 47 33 40 47 48 37 51 52 21 40 53 14 3 23 9 37 32 7 59 14 31 36 32 54 53 3 19 6 7 41 58 32 14 40 48 36 49 4 17 41 52 3
84 7 1 33 59 23 60 14 48 16 22 27 30 16 23 41 37 26 5 58 15 37 58 4 35 59 9 39 2 54 20 7 39 22 40 26 33 15 2 24 54 16 51 30 38 53 5 44 54 38 19 47 46 33 6 8 32 42 8 58 37 58 46 32 23 17 46 29 38 34 22 6 21 35 3 3 6 3 46 45 3 8 25 8 49
21 6 49 57 51 11 11 25 26 30 12 4 13 48 19 32 13 46 13 7 21 56
43 11 51 6 8 25 30 15 43 58 42 60 3 39 8 28 22 8 55 49 15 30 23 50 48 40 49 42 38 43 28 46 22 44 36 26 5 7 44 42 43 14 37 5
2 36 43
71 26 58 26 6 59 17 27 3 32 58 37 60 8 6 9 59 54 7 1 38 39 14 15 21 12 36 38 34 2 23 19 24 59 45 33 60 52 56 34 10 21 57 53 59 59 57 46 5 58 18 29 46 14 31 56 12 27 5 39 40 31 38 48 7 11 25 18 6 31 39 49
62 17 29 24 7 29 39 47 34 52 27 10 21 18 34 23 47 28 40 48 41 36 37 47 60 6 40 32 16 57 9 38 42 33 55 20 60 36 36 17 11 11 8 51 20 48 19 55 23 57 46 3 45 3 38 38 14 33 15 37 7 42 57
68 54 49 14 50 4 49 23 26 26 58 1 33 31 9 54 21 56 1 39 51 45 13 26 7 53 32 12 45 1 7 1 4 40 31 40 30 58 60 49 32 37 25 21 19 16 5 40 60 6 16 5 7 35 49 51 26 38 16 56 32 44 33 10 10 55 60 43 20
22 51 54 6 57 27 4 3 10 12 59 10 4 20 40 16 34 24 36 44 55 45 22
10 46 47 6 34 50 58 50 14 58 20
38 26 28 42 51 16 31 14 47 36 46 25 16 47 16 26 19 54 44 25 53 8 35 34 13 13 5 48 50 54 44 45 50 6 2 24 27 60 13
82 42 12 5 21 44 40 25 57 59 56 36 41 13 49 1 4 4 14 28 45 21 47 3 41 38 60 42 49 59 5 17 56 17 22 60 12 58 42 39 21 50 22 11 31 20 19 54 38 34 41 58 13 20 33 3 55 19 43 3 12 48 50 19 20 17 30 42 11 10 34 36 19 52 20 32 55 31 14 19 36 43 1
79 32 20 22 55 34 12 38 60 58 8 32 46 21 50 47 40 50 15 20 13 3 50 10 21 44 6 43 28 39 10 15 43 29 13 27 29 30 45 20 46 49 52 14 22 35 21 8 17 8 18 21 55 58 56 48 41 29 31 13 4 28 60 18 14 41 38 2 32 51 29 22 60 42 52 53 49 21 27 29
37 22 53 34 38 17 3 33 25 48 47 26 28 36 30 7 26 33 14 20 57 11 2 9 26 35 14 9 23 35 36 55 17 1 22 36 35 60
32 27 36 14 3 5 7 4 52 42 49 54 8 36 58 10 35 22 30 21 8 45 12 56 57 27 49 41 39 20 53 2 41
66 49 57 28 60 41 20 34 4 27 45 8 12 10 1 50 52 42 49 27 8 36 2 44 47 12 27 49 42 9 60 2 57 10 59 29 54 28 39 51 15 43 8 50 11 37 29 53 29 16 22 26 5 51 51 47 5 54 10 56 3 60 43 3 9 52 18
50 34 19 55 29 14 58 34 12 22 55 57 43 13 26 31 59 47 7 33 23 7 27 30 44 4 3 42 28 12 53 37 9 22 34 55 13 36 39 49 27 26 19 29 5 18 60 52 3 38 57
13 59 13 2 32 20 11 43 42 5 45 15 31 56
9 57 55 25 58 35 55 52 55 14
44 29 16 46 40 44 9 28 38 2 43 46 25 8 18 3 51 32 10 30 49 40 14 58 42 56 36 9 30 16 40 55 49 31 26 17 1 2 26 27 21 48 11 54 7
100 23 27 17 15 12 53 37 58 37 15 42 24 4 5 8 54 57 58 43 21 13 19 4 33 10 12 36 11 19 48 58 34 12 15 43 47 57 45 50 1 33 27 17 26 23 49 33 20 30 38 50 50 10 22 56 35 20 40 19 50 52 54 49 32 40 58 46 16 32 26 38 7 60 2 37 46 55 27 2 59 28 15 18 15 30 21 29 47 49 36 12 56 53 40 48 31 45 30 18 33
54 33 8 2 28 42 33 13 36 43 39 20 60 9 8 28 2 42 23 54 58 53 31 49 24 17 40 23 43 10 51 14 53 6 56 43 51 34 52 21 45 35 7 9 32 3 15 38 6 16 22 19 7 38 51
86 57 56 35 49 10 11 14 32 35 40 11 28 58 31 6 58 24 22 4 5 57 55 60 27 6 24 6 22 40 27 36 47 56 9 52 43 53 9 1 45 37 35 25 51 18 26 59 59 10 42 23 13 21 20 6 42 11 29 19 8 60 55 36 34 46 57 28 56 36 53 48 6 49 20 14 2 44 17 32 48 40 3 27 6 23 51
4 45 59 37 28
82 43 8 20 21 30 44 9 17 27 44 36 6 6 3 54 26 26 12 41 13 37 22 19 33 43 9 41 4 14 28 35 34 25 21 34 2 8 47 23 12 28 8 40 24 41 38 14 33 44 22 54 12 59 45 11 20 60 7 50 15 18 40 27 3 15 35 19 7 21 24 16 10 38 6 11 11 58 20 38 53 45 16
97 44 36 4 50 35 45 34 40 20 45 50 37 39 36 19 54 37 32 48 44 32 28 45 56 42 3 35 55 43 36 19 46 8 18 35 51 4 10 16 57 44 46 33 19 27 55 45 5 36 23 29 19 1 16 37 11 50 41 7 40 29 4 56 2 30 13 46 31 27 16 23 10 52 43 27 17 13 57 40 27 42 8 17 3 47 34 40 34 6 52 16 29 55 50 34 33 32
74 21 56 42 49 28 2 5 40 42 19 2 28 52 30 56 20 51 8 31 39 12 57 6 51 18 34 1 5 46 39 25 8 18 29 45 2 39 56 59 14 3 49 37 15 7 58 23 41 22 17 14 31 8 58 28 47 22 36 47 30 50 60 38 40 57 35 19 35 35 37 25 11 55 54
24 25 29 54 18 16 31 16 54 2 19 32 24 18 26 16 26 27 10 3 10 39 55 27 47
50 16 7 1 30 38 35 12 3 10 11 1 24 37 9 50 57 30 51 21 18 42 1 4 43 37 10 21 21 29 8 25 10 3 19 37 40 4 41 8 17 46 10 25 52 36 32 2 30 10 8
88 7 56 36 29 60 17 42 12 60 52 52 30 9 30 55 24 8 17 49 60 30 58 39 14 40 48 42 13 29 16 59 19 21 1 25 45 10 53 42 45 32 21 40 43 33 16 43 54 34 43 15 29 24 7 52 42 8 28 54 56 58 6 5 53 51 16 36 5 16 16 48 2 56 57 14 6 53 52 6 38 50 42 26 46 50 2 58 22
52 25 5 17 28 46 60 30 47 51 22 30 45 32 12 41 49 8 36 11 2 1 27 41 24 37 27 18 11 52 40 44 25 19 21 60 30 53 43 20 48 50 18 50 4 1 2 5 20 35 23 16 31
33 9 21 24 53 33 34 54 33 46 45 55 28 16 36 58 43 15 3 42 40 8 28 19 18 12 6 9 26 32 37 37 53 49
5 50 37 1 25 5
58 30 9 48 30 48 42 41 50 56 23 38 41 17 10 38 49 9 33 14 29 48 1 48 8 48 34 20 49 55 58 53 38 38 17 9 56 46 23 32 27 40 25 6 25 20 45 47 37 41 5 4 60 32 26 30 32 13 30
14 23 21 58 24 60 7 1 21 33 44 8 15 1 19
89 16 56 9 60 5 22 19 19 48 26 23 60 8 1 25 53 15 25 3 5 37 15 12 49 17 29 3 12 16 35 40 53 33 13 43 37 46 10 40 35 21 47 18 9 55 32 52 32 45 40 44 43 39 20 20 25 36 51 26 56 40 53 8 15 35 35 3 46 31 57 21 23 45 9 30 60 11 13 41 55 54 20 41 22 2 6 12 43 57
37 37 60 4 11 1 49 39 21 2 16 18 60 3 48 7 31 34 26 22 36 10 47 47 35 47 49 52 14 21 1 8 3 16 24 41 55 56
39 33 17 41 18 55 30 40 28 15 6 1 56 5 52 27 53 6 49 9 2 51 57 17 8 16 30 21 23 7 38 29 1 11 13 49 15 41 59 30
96 1 22 55 51 43 56 11 11 2 15 10 13 39 46 6 54 31 42 33 60 50 30 29 10 18 53 43 17 56 10 20 5 12 12 56 45 49 3 41 54 12 56 9 15 18 19 30 2 33 25 28 32 40 40 21 31 7 14 13 44 37 18 26 25 12 26 3 52 44 26 16 18 29 56 22 19 54 22 32 41 39 47 5 50 51 45 40 48 53 12 22 2 51 42 17 2
58 27 60 17 56 51 32 38 5 55 53 19 57 28 58 32 36 56 42 41 39 37 16 57 50 24 25 41 21 46 39 35 20 4 30 4 51 35 37 17 48 48 36 33 2 60 21 49 4 29 4 27 8 41 5 46 55 12 21
63 60 19 14 43 18 57 25 49 26 34 34 7 32 38 24 51 10 48 10 26 15 12 8 3 2 44 42 35 24 35 26 50 27 12 25 28 47 34 32 22 24 47 52 43 48 40 16 46 28 19 51 36 44 34 43 42 46 42 2 48 57 8 30
95 47 55 18 50 42 24 20 44 37 18 16 13 16 8 8 39 32 41 20 24 34 19 7 14 57 5 3 28 18 15 18 20 53 12 41 58 8 44 10 33 57 33 30 50 3 53 35 19 38 22 43 43 50 22 23 14 28 17 47 58 40 10 12 59 11 45 10 53 18 14 53 39 28 43 10 39 52 34 60 18 38 13 51 4 51 57 42 26 18 35 40 36 13 3 25
35 45 57 54 10 22 44 60 57 10 11 28 17 17 7 57 53 37 60 30 37 51 26 20 51 59 41 50 6 6 30 49 4 9 31 37
12 55 12 3 27 1 49 58 41 2 31 32 59
64 59 45 27 21 48 48 5 13 54 43 41 26 17 33 13 53 27 38 19 23 29 41 8 45 37 45 57 35 54 45 34 30 46 58 4 17 58 57 21 50 55 36 14 22 29 51 44 10 42 38 6 6 54 30 28 29 21 6 46 20 60 49 35 52
75 51 56 47 11 11 12 11 27 2 28 60 23 36 9 27 29 60 40 38 43 59 27 9 50 30 38 33 21 37 10 20 5 26 8 20 23 10 28 51 2 60 5 38 34 42 30 3 13 50 3 38 12 49 21 3 48 14 44 9 27 56 3 10 37 37 44 12 15 44 12 26 1 4 7 31
7 36 52 51 6 57 44 53
72 29 22 45 10 34 9 52 34 39 12 52 27 55 55 39 60 35 23 33 49 34 38 24 1 18 1 31 18 25 25 12 19 13 17 4 37 32 29 2 7 50 12 19 49 9 15 40 52 11 46 32 2 2 51 45 43 54 46 49 53 49 49 3 54 2 10 51 53 46 18 15 30
34 20 13 40 16 24 56 6 50 27 6 18 46 43 27 25 16 42 5 24 8 19 22 19 44 17 50 24 54 35 5 54 51 35 46
50 7 6 37 18 35 3 4 58 35 11 14 24 21 37 11 54 11 56 36 43 15 30 43 9 27 27 54 4 51 49 41 21 11 52 60 47 31 30 25 33 25 21 47 43 13 52 42 11 6 9
78 32 2 47 12 34 37 19 17 34 4 11 60 9 43 18 20 7 1 60 1 45 10 1 58 44 32 34 16 22 22 43 34 24 59 53 9 18 4 52 23 51 28 13 30 16 20 50 51 22 17 42 42 29 46 26 58 20 1 55 32 1 58 57 19 8 18 50 27 12 53 40 60 39 16 22 43 45 12
50 36 25 9 8 24 16 12 13 36 30 48 42 47 26 4 48 57 57 26 42 60 54 56 1 16 33 33 52 38 30 8 60 26 53 17 39 20 37 27 33 16 41 1 16 31 31 34 14 30 41
63 57 37 22 17 23 38 57 26 6 49 48 46 40 45 44 8 22 38 25 49 49 33 13 39 48 17 40 24 20 38 50 52 8 44 54 3 6 35 10 35 2 59 59 38 17 40 3 14 12 38 10 51 5 33 9 25 56 24 57 35 43 18 21
48 16 47 16 52 46 35 49 22 31 16 60 29 52 9 60 12 48 21 48 44 6 19 30 52 29 55 21 3 27 5 58 13 43 16 55 55 7 48 51 12 4 47 58 43 53 30 46 51
9 31 16 9 24 2 28 48 21 10
55 7 17 34 56 7 31 17 23 47 9 17 54 37 8 49 23 31 15 58 42 58 32 52 47 30 27 31 11 3 31 13 48 57 54 14 48 40 19 58 58 13 12 54 47 23 50 32 21 55 54 24 24 41 21 58
20 18 22 40 51 58 42 12 52 21 57 25 49 46 5 10 5 54 16 5 13
96 48 19 52 2 29 15 12 52 59 20 7 10 48 8 41 46 54 15 4 6 32 34 25 43 13 6 19 54 40 1 29 33 26 24 24 44 12 48 15 6 19 16 22 60 5 46 22 40 49 33 19 9 56 35 29 35 51 53 24 51 39 40 28 39 28 5 44 11 40 54 58 30 17 54 54 3 52 41 49 16 2 27 44 7 17 7 28 42 13 38 9 23 56 18 29 48
77 15 22 49 20 32 27 58 24 11 28 24 3 8 29 10 30 49 59 18 50 30 23 35 1 27 56 33 33 13 40 30 39 26 35 56 46 1 21 44 32 4 6 42 53 59 34 19 51 4 27 13 49 52 57 37 30 25 25 23 8 32 13 20 53 37 56 35 43 2 17 5 17 23 31 18 20 48
26 31 50 2 56 55 57 51 2 7 48 17 44 2 53 16 33 38 32 48 45 10 5 36 43 11 46
52 11 35 13 54 45 54 18 38 57 18 3 2 31 59 15 36 57 2 60 7 20 15 54 1 59 51 6 13 4 53 3 8 60 20 28 18 24 60 23 53 21 25 47 21 13 49 13 1 41 23 14 23
7 5 18 25 12 24 15 39
99 32 25 17 17 32 30 28 11 22 19 24 19 46 24 54 1 14 47 58 45 47 48 10 10 15 1 42 51 16 13 50 22 28 8 21 59 4 29 25 4 59 55 15 54 27 15 20 60 57 28 5 59 3 16 23 52 31 19 28 42 27 12 46 49 41 28 13 15 12 2 34 28 29 60 23 21 57 38 33 10 55 36 37 25 32 2 52 58 50 19 59 23 59 9 23 58 34 13 23
65 1 59 59 23 21 34 15 23 39 36 42 51 7 19 9 10 56 34 49 33 42 33 25 15 58 39 30 37 55 41 21 33 3 60 26 8 8 60 51 59 23 7 54 47 18 17 42 10 50 21 52 1 40 26 25 37 34 12 8 24 58 60 23 42 45
26 6 36 11 47 44 43 25 22 22 53 39 12 3 54 10 42 12 53 44 1 22 23 27 32 18 60
88 27 7 26 2 37 55 2 44 12 36 3 11 40 6 29 4 57 16 25 4 14 32 34 30 39 5 46 9 27 40 56 11 58 28 56 15 13 34 51 32 45 12 52 33 3 23 21 23 22 25 46 6 29 8 51 42 37 9 43 47 10 32 58 39 15 37 16 35 38 54 11 9 19 14 25 28 15 16 35 59 41 17 36 15 11 3 58 31
1 15
15 56 18 28 5 39 40 59 18 60 59 50 26 47 42 14
65 15 21 10 34 34 17 1 38 44 38 22 57 40 54 55 49 12 49 3 39 37 8 30 7 3 53 34 13 5 37 51 1 30 33 38 59 23 43 38 49 57 26 3 10 34 30 25 26 47 10 56 36 40 30 10 4 29 17 1 53 27 14 49 31 17
34 30 57 38 34 16 18 53 37 29 15 36 6 29 6 8 60 51 13 3 52 24 29 11 34 25 43 4 30 60 59 54 9 42 58
86 4 58 12 32 4 35 60 2 15 45 16 23 58 56 6 45 2 43 8 33 60 47 15 54 17 35 12 57 27 51 36 35 58 15 44 18 18 55 17 5 60 22 57 23 4 20 32 27 51 15 15 8 12 31 15 8 59 37 50 44 20 6 10 49 32 34 44 1 9 24 44 7 2 57 56 48 23 32 32 31 17 54 21 29 38 37
87 31 60 57 47 59 22 55 59 34 58 15 25 11 9 30 13 34 51 28 22 6 35 17 8 58 53 22 36 52 15 3 8 21 9 29 39 16 2 23 2 60 47 22 41 4 9 34 37 53 24 12 48 6 11 5 57 12 17 31 4 29 30 50 37 11 34 22 45 10 52 44 11 56 17 43 5 10 40 8 22 34 31 33 35 33 30 11
17 41 23 29 54 35 40 22 12 22 10 33 25 13 28 60 22 15
80 13 8 29 7 48 60 4 56 25 38 6 34 18 51 53 20 47 13 35 46 1 21 41 40 43 5 52 34 50 57 46 8 21 16 31 21 40 45 20 44 56 46 2 3 4 25 48 31 41 31 25 3 56 58 35 60 22 14 49 17 8 15 13 46 25 12 29 41 45 25 43 42 42 26 17 58 48 51 31 25
19 4 11 27 56 30 55 37 45 24 37 20 48 33 40 34 43 58 35 7
73 55 57 59 33 5 51 51 42 51 37 53 29 41 13 39 56 23 53 52 10 16 38 44 17 22 16 46 7 39 12 15 58 2 39 23 12 23 6 7 1 6 6 29 39 14 36 58 34 52 43 53 36 24 2 32 43 59 35 45 52 2 23 31 15 35 42 7 17 18 45 49 18 50
37 34 29 12 2 3 53 40 10 56 60 33 33 60 32 22 34 36 50 32 40 41 18 3 3 42 12 44 13 13 12 55 4 42 34 22 46 16
72 16 26 54 9 18 33 14 45 56 36 31 26 23 5 15 39 43 49 21 24 33 24 15 35 10 1 50 37 59 44 44 12 18 55 51 33 7 15 34 51 31 19 2 8 47 33 53 55 59 8 13 4 53 52 1 37 40 5 17 44 20 20 59 22 12 16 51 17 53 2 28 9
81 6 9 29 37 15 56 39 59 56 2 2 4 50 14 30 8 57 39 29 58 58 5 21 58 4 56 53 60 40 38 20 6 17 14 30 17 19 25 29 8 60 36 47 11 51 56 36 3 12 8 34 3 27 60 15 42 32 51 11 6 52 11 35 43 16 55 36 41 31 11 23 4 45 6 2 45 1 42 5 31 51
98 50 51 17 47 34 18 31 54 15 41 35 17 38 26 56 23 10 58 3 54 60 20 3 47 46 13 52 21 28 4 26 55 32 6 59 28 34 32 24 41 7 1 37 53 42 7 25 38 38 51 46 56 1 8 56 12 59 18 32 11 23 48 40 24 44 28 19 22 14 44 42 46 24 26 60 31 15 3 25 13 12 51 43 37 3 57 50 14 50 26 12 41 40 28 8 18 48 15
89 19 38 41 44 16 34 3 10 10 11 15 35 13 2 33 43 8 31 51 2 55 58 22 9 14 32 5 6 9 41 36 30 25 10 34 24 49 49 40 5 28 56 57 58 55 20 33 14 48 13 7 50 25 40 10 9 56 60 31 41 4 13 39 29 31 53 35 26 1 27 57 6 12 22 38 47 14 22 7 17 34 3 30 45 12 10 53 45 3
75 27 21 36 31 15 31 22 26 58 42 58 52 2 14 16 1 4 6 57 17 13 24 53 58 12 12 10 11 23 28 12 19 17 57 38 9 34 42 36 23 52 50 1 39 30 39 5 53 1 56 52 16 32 30 54 37 13 30 16 30 48 20 45 31 8 17 51 34 5 13 60 24 24 46 45
55 23 40 3 43 51 30 36 45 57 59 17 24 60 48 32 16 18 10 8 43 46 24 54 60 25 45 50 19 19 34 4 58 47 14 13 47 10 23 39 33 33 3 21 46 27 38 41 35 10 48 43 14 14 29 12
40 51 2 45 7 30 40 57 32 42 14 59 17 30 35 51 33 9 17 39 22 35 60 42 32 6 49 42 56 31 18 6 16 31 17 50 4 59 48 41 41
37 23 38 21 18 11 43 3 23 18 33 49 25 32 15 52 52 3 41 5 25 29 34 37 53 9 48 16 10 7 47 16 52 57 15 60 54 54
5 12 13 40 58 4
25 21 59 36 22 59 13 39 56 32 55 28 29 12 37 20 37 16 7 20 31 45 26 58 42 29
25 55 15 31 32 22 51 57 2 16 51 58 45 59 13 18 8 17 22 9 38 8 39 26 15 23
34 11 59 41 48 19 53 6 48 33 26 49 41 42 10 49 46 21 52 16 44 47 25 30 49 35 53 17 21 26 10 9 5 42 52
56 60 30 47 3 59 13 31 42 44 6 18 44 32 42 27 35 42 32 16 44 46 37 5 41 54 38 17 53 2 16 14 41 23 25 11 55 14 53 3 53 14 56 60 53 12 45 16 29 2 48 14 37 3 50 16 42
35 38 27 17 38 3 51 26 44 45 22 29 9 17 3 49 45 48 54 4 45 43 48 41 7 36 42 27 26 35 8 32 46 59 13 44
40 32 7 21 26 35 60 57 41 32 13 15 25 23 27 13 35 59 56 28 41 30 37 4 2 26 39 16 43 15 6 24 7 42 12 51 15 28 28 50 9
86 57 6 4 13 42 23 55 10 43 52 51 55 58 4 50 8 7 16 31 36 3 33 26 11 44 43 35 60 30 42 10 32 8 43 25 33 21 28 42 49 30 22 2 55 51 4 23 58 2 36 46 35 33 56 17 13 44 20 57 33 11 49 30 16 11 50 24 31 60 46 33 6 57 55 27 60 33 5 3 26 31 14 42 58 30 54
73 39 38 27 26 18 56 50 51 31 24 60 40 5 55 59 55 18 9 13 22 13 24 33 10 6 24 37 60 36 57 1 34 35 50 50 3 27 46 56 36 10 38 22 44 33 6 16 15 30 60 12 42 4 29 47 12 31 27 1 37 9 12 4 28 33 25 47 44 45 46 48 25 32
97 18 19 13 39 32 26 52 32 45 51 5 58 10 55 42 12 51 34 17 37 31 54 43 20 21 8 45 41 37 11 29 41 17 31 35 35 2 20 23 19 40 52 25 24 50 25 3 7 22 10 15 25 4 3 19 39 12 13 60 25 12 10 13 37 48 3 10 41 8 59 8 53 31 24 1 53 27 29 33 36 57 12 35 43 36 31 50 52 22 39 43 38 52 11 8 4 54
36 17 49 32 43 58 34 36 27 40 56 43 48 7 6 31 27 13 43 25 39 51 17 18 17 43 8 29 42 55 23 20 49 8 51 19 40
26 2 25 42 40 56 40 35 56 2 29 12 2 48 30 46 39 47 10 20 33 60 20 37 7 38 9
100 6 51 13 25 47 9 4 58 17 30 7 25 30 32 25 44 12 37 2 6 55 44 54 30 59 48 42 35 39 48 11 23 47 9 43 29 46 17 20 47 48 60 7 53 20 58 33 55 14 37 4 12 47 29 32 45 2 36 2 27 16 31 18 41 29 56 14 35 33 36 2 45 9 1 27 28 31 59 16 30 52 35 22 47 19 55 13 3 18 25 10 36 37 25 45 27 50 5 17 41
63 24 56 4 15 40 42 30 35 58 24 52 39 46 10 44 12 46 44 4 26 43 20 55 3 11 52 3 42 6 40 54 59 55 32 9 6 20 60 41 59 18 45 50 17 5 18 58 52 58 26 47 42 14 27 2 32 16 38 38 26 45 51 31
34 57 33 23 56 58 20 42 35 58 33 18 37 13 8 50 41 21 42 3 59 19 32 34 50 40 30 56 22 30 23 16 31 38 35
22 38 12 46 43 42 26 32 60 51 58 24 56 60 22 46 34 60 3 23 46 38 35
74 44 34 36 38 60 11 53 26 19 17 51 39 2 2 10 42 15 10 17 2 21 5 7 10 8 54 55 43 42 33 45 7 31 42 48 35 1 30 56 30 18 45 24 17 25 35 3 49 23 55 1 16 13 31 35 52 24 40 11 45 60 56 56 58 40 56 58 24 60 12 33 40 48 10
14 7 29 19 22 17 56 26 15 42 25 50 30 29 25
30 25 33 46 53 10 21 51 32 42 38 29 3 11 27 2 11 56 58 29 12 56 28 15 10 26 10 8 34 46 15
9 23 36 23 23 36 4 44 15 60
89 60 3 32 48 28 56 20 51 24 25 2 20 17 36 40 3 51 48 51 44 48 20 28 37 27 42 50 26 15 1 27 52 37 46 55 25 47 38 56 41 9 10 48 60 14 34 41 17 29 23 19 27 35 44 25 28 9 30 57 54 56 17 40 8 21 17 53 40 31 46 23 18 22 52 45 60 35 2 9 52 3 59 43 29 30 40 36 27 35
36 58 34 7 44 1 53 56 12 30 58 22 32 28 32 51 7 40 5 26 18 47 49 35 1 43 48 28 6 36 33 47 5 35 54 11 38
51 30 42 6 47 29 18 35 2 5 14 50 47 53 45 3 23 13 36 34 55 53 15 19 39 39 39 14 17 29 17 32 11 20 36 31 28 29 42 54 14 46 8 23 30 10 48 27 1 29 52 54
55 13 14 11 13 56 36 57 47 2 9 18 29 45 48 50 2 52 57 46 23 35 39 43 56 54 9 23 21 1 1 25 28 19 13 10 57 29 24 30 18 18 50 35 43 30 56 38 11 36 24 6 8 14 3 50
87 40 43 1 8 40 37 24 24 13 39 15 9 2 58 52 49 50 8 26 38 45 59 40 32 27 52 1 54 28 41 28 34 5 6 32 17 9 41 43 57 33 29 59 55 52 7 28 13 14 9 33 38 49 48 26 34 8 4 12 26 20 3 8 8 20 37 53 59 28 15 8 59 41 30 43 31 37 53 35 27 33 54 13 21 18 10 11
7 44 50 38 15 46 16 17
46 33 57 41 15 3 29 14 50 1 17 51 44 59 38 34 29 19 28 36 41 33 26 58 38 45 37 15 31 42 22 7 43 14 46 2 30 47 46 12 11 11 56 26 2 29 1
55 32 11 18 42 55 3 42 22 24 33 55 9 7 17 11 38 19 13 60 13 47 54 7 8 31 51 11 46 3 46 53 22 4 17 35 47 14 29 44 23 19 51 21 12 58 19 57 19 17 21 30 16 40 50 33
9 42 45 28 42 53 18 60 6 55
7 50 24 8 26 24 53 15
98 49 50 27 41 36 15 15 35 54 52 8 35 47 49 60 26 39 31 15 39 49 11 60 40 27 15 4 24 56 7 2 59 16 11 8 30 20 33 37 40 44 44 52 43 32 58 47 7 58 4 42 4 29 7 39 8 43 48 16 49 33 43 58 15 58 60 12 32 22 60 23 42 4 48 56 19 31 50 29 49 51 22 26 59 49 1 51 18 11 8 29 39 30 50 44 11 54 4
15 5 17 41 18 46 51 40 50 48 48 13 2 42 19 14
30 4 22 14 21 9 3 40 23 29 55 38 25 30 13 44 29 16 28 48 6 42 42 43 38 48 54 44 59 28 39
30 11 26 18 5 32 38 10 36 43 48 21 46 49 54 58 10 15 29 49 50 54 53 53 9 15 45 28 12 50 53
71 8 30 2 24 36 24 25 49 13 45 25 15 7 13 14 57 2 42 3 24 34 45 27 17 52 40 23 56 8 22 31 57 7 16 48 59 10 45 16 32 13 9 11 29 35 35 45 26 8 44 14 27 8 35 24 51 24 41 33 44 43 31 41 48 19 11 29 31 21 42 38
54 46 12 13 3 55 23 41 54 5 24 12 20 32 35 14 7 39 3 37 37 19 7 21 42 31 48 57 29 8 41 3 37 60 25 59 21 7 45 13 7 46 29 55 25 56 3 58 47 43 7 26 45 37 54
69 44 17 60 3 10 39 14 29 12 12 44 25 13 50 44 15 51 46 54 41 13 33 14 25 33 17 59 17 56 29 15 6 25 45 24 43 31 27 3 27 40 52 11 3 37 2 35 15 16 45 19 25 14 19 26 41 12 54 20 11 11 24 7 47 22 7 19 56 2
78 53 17 53 7 26 4 6 21 34 22 18 48 47 38 13 44 32 59 33 43 48 6 11 57 20 26 51 18 10 11 7 53 13 38 59 45 27 45 39 33 29 49 46 4 32 50 1 26 54 54 54 8 45 38 57 53 41 39 5 12 23 40 51 2 20 14 21 21 30 52 24 15 44 14 15 26 11 46
17 10 27 27 60 43 48 27 60 47 25 24 7 57 41 19 2 19
96 27 21 43 11 10 58 19 55 36 46 35 52 15 51 8 35 28 57 16 43 58 17 6 12 30 29 6 45 48 18 17 46 13 50 13 38 55 51 23 60 3 22 20 11 41 12 27 26 53 6 20 48 11 19 50 4 27 30 45 23 15 48 59 57 42 39 28 34 56 9 52 49 10 44 53 59 36 40 12 16 6 20 38 24 2 6 23 46 36 20 59 56 7 47 24 26
85 45 10 8 14 54 11 32 5 31 35 30 49 11 24 24 58 8 21 27 32 18 52 41 24 4 43 51 44 1 29 35 48 4 39 59 44 5 34 33 2 24 34 18 13 40 59 23 11 49 30 29 1 11 20 8 10 60 17 11 54 42 39 46 14 30 56 33 23 53 12 50 51 12 48 11 38 37 9 53 30 2 26 27 57 10
40 34 3 24 54 28 26 52 31 29 2 20 43 44 23 18 30 50 30 27 14 16 3 18 16 47 36 30 50 18 44 46 27 10 11 57 24 34 52 56 47
36 6 4 41 33 42 24 14 38 50 15 30 49 53 27 25 8 58 27 3 25 45 11 8 4 26 28 6 60 27 5 1 18 51 55 10 18
68 39 46 50 42 48 60 41 59 30 44 14 33 33 5 32 56 23 13 36 34 10 18 56 4 9 27 13 23 8 30 56 51 29 60 54 12 34 38 56 54 27 13 31 50 14 38 29 26 60 27 48 7 24 46 28 57 8 17 27 28 39 33 52 56 57 32 10 36
17 55 38 32 18 48 42 6 55 26 49 42 56 14 13 27 40 28
50 27 35 57 51 48 44 12 2 15 33 49 30 25 6 12 38 21 15 55 23 29 5 24 39 2 24 45 5 50 8 36 36 31 29 18 8 21 23 31 44 59 20 13 23 60 50 17 37 56 31
67 19 5 56 59 30 39 35 30 52 32 25 21 29 57 7 22 59 40 40 30 59 7 33 22 9 43 11 12 46 10 45 42 60 7 46 11 6 32 21 48 37 4 33 60 50 55 22 26 51 21 53 16 30 39 54 25 27 7 25 47 17 54 59 14 34 56 22
82 3 19 51 40 32 6 27 15 21 7 22 49 48 10 4 1 40 21 50 15 35 50 1 12 35 53 52 55 50 60 45 26 38 55 40 4 20 55 22 21 1 36 37 43 55 46 8 12 56 35 33 32 47 60 1 55 34 27 9 33 28 24 19 1 24 60 17 23 44 33 16 3 30 45 34 48 42 57 9 41 3 1
84 47 7 13 12 28 6 26 57 22 14 25 12 16 3 36 51 60 10 45 46 37 13 14 55 25 15 19 29 33 21 23 20 33 14 8 22 14 6 48 56 42 13 16 24 9 51 9 45 60 52 50 26 47 3 3 50 50 36 40 46 42 22 4 47 41 53 53 16 23 24 29 29 40 55 48 32 18 58 48 27 46 53 23 35
11 44 19 41 11 28 11 16 22 14 33 3
20 11 13 10 34 5 1 44 59 40 10 33 35 1 56 9 20 7 40 35 19
