5000 150
48 10 11 93 40 61 92 64 77 28 66 33 35 45 6 28 4 21 45 32 87 14 6 2 94 54 70 16 24 27 90 98 80 72 100 100 65 19 28 39 60 71 90 96 52 75 37 74 2
67 4 64 54 95 65 84 67 26 28 84 32 51 15 19 37 15 58 75 6 81 57 16 75 66 93 26 33 38 96 60 68 69 68 84 91 86 78 96 49 79 67 2 43 37 88 82 49 59 23 5 52 58 38 62 9 89 10 82 100 73 37 49 27 92 31 85 79
98 18 42 3 91 90 32 25 68 81 13 27 79 67 41 89 11 8 31 53 57 37 95 69 47 64 76 96 71 32 36 45 51 76 21 95 49 26 87 40 73 78 58 11 6 43 34 87 2 53 66 1 5 17 84 35 98 44 76 84 96 98 64 13 87 29 89 72 14 43 82 7 51 25 93 82 9 16 38 62 11 11 17 62 87 12 100 25 9 45 4 67 23 83 62 75 39 8 97
83 1 82 93 74 18 100 19 68 9 40 58 96 6 28 8 74 90 8 23 27 67 65 87 76 15 35 51 87 51 86 9 30 80 48 36 60 87 22 23 15 84 51 76 18 20 50 30 6 85 29 81 39 12 98 94 23 94 96 72 38 2 92 3 6 72 22 33 88 19 5 32 78 24 58 72 90 8 28 74 9 96 56 55
16 45 41 8 7 44 47 81 73 96 18 96 33 86 74 55 74
78 46 16 51 68 77 10 58 50 63 39 81 29 63 69 85 63 80 13 64 77 63 28 64 53 28 89 12 63 17 66 23 64 74 77 51 1 74 38 33 1 78 33 23 48 66 28 78 38 79 39 35 65 17 70 35 87 71 74 24 12 70 46 52 42 83 10 64 27 3 53 3 26 16 98 28 8 45 77
70 9 61 53 70 15 99 67 56 88 21 35 44 23 13 33 11 34 63 94 45 49 4 24 22 66 78 36 92 85 83 29 74 6 69 58 95 24 56 34 30 47 43 25 69 18 66 76 35 7 9 94 19 16 13 100 59 57 49 91 96 55 39 37 25 18 100 98 52 22 77
1 25
39 17 98 25 32 79 28 11 54 54 88 84 59 53 88 34 27 41 20 56 48 87 32 48 50 43 96 99 45 7 50 20 24 5 21 39 92 18 53 97
97 76 15 51 27 3 41 56 3 74 95 69 67 69 53 71 79 81 26 18 100 96 99 97 63 36 15 64 84 95 38 83 61 82 83 82 43 45 69 52 18 9 15 21 98 81 57 84 79 37 25 99 19 100 54 100 14 41 14 11 75 42 12 18 82 10 18 74 92 21 49 100 70 79 81 4 93 80 29 41 12 99 51 50 98 15 2 52 96 70 99 36 39 34 9 84 32 12
67 66 17 48 100 6 15 97 15 57 26 47 70 1 60 57 25 75 48 41 37 41 64 7 63 99 80 33 67 96 32 26 68 68 77 97 49 59 57 52 77 51 27 37 66 95 89 92 58 1 17 28 34 28 61 20 37 30 98 40 78 32 60 48 20 4 78 36
91 44 42 20 80 94 87 26 93 77 66 34 65 97 68 70 70 38 61 98 38 60 100 35 76 5 58 51 34 65 97 7 81 38 97 72 66 32 44 20 90 72 57 77 49 83 91 97 74 20 79 95 45 20 41 27 96 68 56 2 85 19 16 61 69 30 71 27 30 22 82 50 33 33 3 72 28 84 25 37 49 43 32 7 92 43 44 51 43 63 72 48
71 22 32 16 43 99 88 93 49 59 86 54 55 77 1 54 29 31 28 38 93 34 61 81 93 74 58 65 37 75 57 10 61 17 85 58 1 85 7 63 91 67 91 61 93 23 47 47 72 29 23 9 62 56 94 11 3 17 1 85 78 94 54 39 64 18 43 17 11 3 54 20
39 9 75 50 26 62 67 51 46 62 93 88 55 27 21 21 53 26 1 73 100 37 35 4 7 89 38 41 49 9 24 31 13 4 94 82 55 33 55 56
28 11 52 44 11 62 36 37 81 59 53 90 45 100 79 51 3 100 44 7 82 97 79 33 25 82 42 13 63
85 37 88 74 86 90 79 87 24 54 64 63 23 5 74 97 4 21 100 17 81 24 97 89 66 23 76 27 55 10 40 61 91 74 34 25 42 36 21 44 45 4 71 90 99 36 7 34 75 47 37 38 52 36 94 84 72 38 66 80 47 30 66 78 11 98 8 81 32 74 66 9 97 58 41 66 29 28 46 92 23 90 42 93 37 28
88 32 84 3 79 37 49 32 98 6 20 28 87 51 26 27 98 60 18 21 56 26 44 99 43 38 93 29 97 77 52 31 9 100 20 59 90 66 18 22 53 68 75 87 62 58 86 29 62 57 57 21 8 83 34 26 11 28 73 39 17 68 40 79 98 16 48 15 98 17 7 25 59 30 47 16 25 52 47 36 74 32 33 34 88 2 18 17 43
90 59 8 84 39 78 50 99 31 99 53 76 90 1 98 58 100 48 63 71 4 63 21 3 6 73 7 61 33 76 65 52 30 64 87 24 28 1 73 9 75 70 3 43 45 8 5 62 84 70 4 71 82 56 15 96 57 52 38 53 64 67 45 17 61 14 6 27 10 96 2 84 39 1 26 84 86 99 29 31 83 96 32 11 68 47 10 42 90 94 98
8 6 1 16 44 38 58 68 24
89 68 81 89 63 29 48 24 87 39 79 97 4 51 54 27 66 65 57 45 49 57 95 24 46 14 89 6 29 55 61 76 36 96 4 15 29 93 17 32 69 14 92 17 82 53 7 15 65 67 37 79 1 92 65 89 33 98 48 97 26 43 11 6 67 82 65 17 56 70 86 45 7 35 63 47 56 74 39 62 60 70 81 100 83 51 52 19 35 69
28 32 84 47 27 52 3 75 1 46 79 21 55 21 63 90 36 27 68 54 44 94 27 52 12 29 52 28 51
5 92 30 27 14 48
24 12 61 40 32 89 80 57 39 95 46 100 63 52 96 68 80 4 44 18 93 15 14 35 84
3 36 74 57
73 63 28 54 89 53 60 16 41 16 54 53 24 52 91 59 69 90 56 3 35 17 83 44 64 78 88 3 38 56 46 40 16 91 24 72 48 1 69 27 2 66 50 84 53 46 11 64 21 43 72 97 48 48 49 96 72 44 7 33 16 33 58 76 39 83 27 34 27 99 35 72 100 19
52 22 98 29 2 68 4 65 26 64 86 49 50 17 52 30 51 80 66 33 61 64 61 100 27 19 51 26 99 82 9 44 55 57 49 25 40 4 57 34 49 35 4 10 97 79 2 76 48 53 100 31 69
87 23 83 62 37 25 1 61 41 87 20 6 78 64 85 14 93 88 13 52 44 49 91 99 20 100 6 55 58 8 65 42 70 22 59 1 47 40 92 98 52 89 91 16 81 67 52 23 79 64 16 56 44 83 7 70 51 84 39 69 28 77 53 38 74 66 93 99 65 97 53 99 46 31 13 8 49 54 10 16 54 10 92 40 81 45 72 43
67 88 73 89 86 81 1 2 49 12 66 22 49 23 42 37 88 92 61 53 90 98 72 21 70 4 59 95 14 27 9 11 56 83 92 39 46 81 53 40 17 14 55 16 21 92 69 63 83 68 15 17 67 59 7 98 84 50 68 51 31 77 62 33 12 56 42 58
76 33 63 85 68 65 11 73 36 80 67 37 61 29 9 29 46 48 19 56 59 61 73 93 9 41 51 39 56 9 5 25 70 16 35 44 39 57 41 70 77 63 10 28 19 98 88 69 26 53 100 29 96 32 43 44 32 74 89 73 12 66 94 80 33 50 95 37 35 55 20 1 6 32 40 41 85
28 11 75 71 94 42 50 28 84 80 5 62 17 81 70 16 3 89 15 21 7 62 78 55 3 31 65 32 1
92 39 2 88 95 68 41 78 29 24 36 86 36 47 53 98 89 69 65 79 42 98 70 3 74 88 2 80 11 100 42 22 96 28 40 87 40 77 88 37 20 27 45 97 90 63 22 6 63 70 53 60 51 80 61 7 40 35 6 70 10 41 87 28 15 75 43 74 39 38 60 94 40 65 70 21 34 72 11 83 93 74 39 66 48 12 96 39 28 72 15 67 100
73 91 87 74 80 26 31 83 60 73 45 41 9 60 48 50 50 32 23 24 31 67 74 10 45 91 10 70 36 89 96 34 17 25 93 28 16 53 51 40 50 52 69 2 88 6 35 87 18 28 4 19 37 92 19 40 69 92 99 81 15 79 81 65 71 19 12 32 93 58 38 16 10 79
33 62 29 5 99 29 33 89 85 89 70 85 44 59 98 74 29 19 91 8 2 86 5 99 21 18 95 63 70 3 58 49 61 74
4 8 67 86 28
44 1 44 38 49 95 18 22 36 19 70 41 90 8 49 40 95 42 37 13 94 20 43 39 6 82 1 22 51 38 27 31 97 8 36 38 72 1 39 78 7 48 72 81 68
50 90 68 43 70 11 45 26 78 87 82 36 87 30 41 71 28 36 38 88 88 57 52 59 63 95 27 100 25 53 86 100 13 74 47 44 8 80 24 57 38 39 48 43 18 25 25 60 87 21 42
58 67 98 69 71 31 11 6 41 75 25 65 61 30 8 33 39 13 74 81 62 98 68 18 33 1 50 50 2 62 86 81 60 87 56 22 26 87 50 73 90 58 22 30 53 42 98 80 68 44 50 88 69 96 31 97 86 1 90
35 83 66 26 2 30 17 23 92 33 74 29 64 60 89 40 66 41 62 40 87 14 3 86 41 80 29 49 95 28 26 80 53 25 97 35
100 30 6 71 5 74 61 2 7 58 27 61 76 55 41 84 22 84 12 83 38 63 77 53 15 34 80 47 99 5 8 29 17 27 55 21 73 18 21 35 53 41 56 41 26 69 51 40 59 75 14 94 33 28 45 60 36 49 28 69 33 81 98 17 44 56 11 39 69 75 89 86 67 11 57 16 80 47 98 64 76 55 74 17 46 74 59 97 90 61 9 67 29 37 25 33 24 25 75 98 85
53 34 4 55 15 62 45 51 88 78 14 36 38 63 21 28 46 45 79 74 42 63 1 39 19 73 60 11 56 75 47 58 15 61 59 34 25 84 45 32 92 79 22 53 45 100 87 98 1 83 55 40 78 2
67 91 24 63 42 48 30 15 45 99 73 68 74 62 98 42 37 5 51 10 67 64 38 40 46 59 70 15 17 90 55 27 74 83 61 97 17 96 65 69 59 39 34 96 67 20 10 63 82 24 64 54 60 59 92 36 75 71 9 52 13 45 86 20 52 4 92 40
57 43 60 79 55 84 2 75 9 13 52 88 57 34 53 48 86 18 14 3 14 87 87 57 15 84 88 22 8 70 67 33 1 88 82 49 34 15 66 95 38 53 31 81 10 37 52 83 45 48 61 37 48 70 34 13 44 68
19 56 28 7 64 22 83 81 7 71 34 24 80 25 75 83 9 55 5 62
43 73 34 66 89 36 54 57 87 82 36 77 21 25 9 21 89 62 60 87 49 97 77 38 66 76 57 78 38 29 1 48 47 77 57 54 20 90 87 88 73 97 28 68
19 79 38 34 96 48 93 46 56 9 29 58 92 11 34 46 53 31 67 17
38 2 99 53 38 40 11 26 68 10 16 94 35 41 35 96 77 64 81 1 2 22 10 66 61 32 54 41 28 11 46 15 41 16 88 72 18 75 82
39 54 73 26 90 23 58 36 51 82 23 26 80 34 15 6 54 68 78 44 71 51 86 45 49 60 69 10 46 44 82 69 26 39 72 53 63 92 4 52
31 49 66 47 99 18 33 100 72 50 44 58 22 25 43 13 76 3 37 9 12 93 7 67 16 90 4 85 85 8 7 62
83 85 11 6 62 73 21 52 75 26 97 47 87 5 45 24 3 36 93 88 15 45 21 97 4 30 78 28 93 42 34 65 95 15 95 50 4 63 36 24 2 97 96 22 13 77 90 23 11 71 66 14 94 54 38 25 41 88 3 88 99 56 4 94 30 33 83 16 69 4 47 20 30 44 97 43 70 91 63 26 1 28 58 72
93 57 58 46 34 64 66 52 42 76 15 23 68 93 74 48 66 7 76 62 10 61 26 64 89 91 76 95 32 52 51 41 32 35 37 10 76 82 27 67 60 93 24 72 17 23 52 56 69 48 85 40 33 1 92 61 58 50 52 31 25 9 82 56 64 29 2 67 64 44 16 97 25 6 13 89 83 38 100 13 64 50 27 66 18 78 92 16 20 79 53 40 53 13
95 58 63 34 76 52 73 90 77 34 89 64 54 78 99 42 14 96 97 78 97 88 86 20 37 50 3 66 86 58 61 53 18 67 38 33 57 91 36 6 25 80 34 12 58 50 67 95 84 75 83 53 16 64 1 78 78 95 13 72 78 92 60 13 41 6 69 90 63 58 87 84 14 57 14 64 16 52 42 15 61 32 69 21 2 20 3 36 55 21 24 95 15 80 85 92
58 26 54 67 54 25 100 20 54 97 50 50 77 62 93 26 66 96 43 58 97 4 22 70 48 87 17 2 72 58 79 8 79 44 21 84 18 100 29 22 1 24 51 76 71 20 55 27 85 77 93 98 81 2 4 100 42 84 51
26 25 53 85 66 10 57 34 42 21 78 28 59 92 89 29 29 4 55 68 51 96 70 52 25 91 64
4 34 4 90 87
100 42 47 31 2 86 24 71 52 63 75 71 54 62 70 1 97 48 12 65 77 1 34 10 72 9 10 28 75 99 62 51 50 6 38 83 42 22 10 16 100 48 20 63 99 13 27 42 59 61 64 49 41 66 90 20 85 48 37 95 87 11 2 83 95 1 93 3 33 35 97 100 24 65 71 19 49 25 48 80 3 21 96 20 99 72 51 32 43 55 54 41 81 11 69 23 36 63 75 37 29
9 23 82 80 30 99 7 53 30 54
42 41 7 80 3 69 90 4 11 37 83 99 40 28 64 24 81 41 60 4 97 2 80 44 26 64 87 36 95 97 37 1 59 39 15 20 63 22 65 18 76 8 73
82 68 56 47 21 17 7 20 54 5 34 1 15 34 40 52 77 50 54 20 16 32 47 64 33 93 1 91 61 7 99 53 27 86 84 61 91 97 51 30 85 28 52 84 92 49 79 75 57 25 55 19 18 10 66 87 94 2 40 62 2 63 49 60 95 73 31 36 47 57 3 66 25 17 82 21 29 3 38 42 99 63 75
74 84 9 26 82 61 41 7 83 76 93 4 65 42 64 26 93 12 19 31 97 19 43 13 77 50 22 43 54 80 52 10 82 97 88 54 9 19 30 58 30 56 72 93 43 82 93 6 16 70 97 43 3 90 82 98 4 48 1 29 63 60 46 15 43 3 90 52 62 47 100 9 50 91 92
60 35 73 40 99 52 83 39 12 12 89 85 53 60 70 47 66 3 68 41 71 53 67 9 93 5 1 63 16 62 3 10 67 45 38 30 54 45 2 20 62 58 90 34 100 79 25 67 89 81 51 65 90 46 60 58 77 50 22 74 67
20 84 92 96 74 22 5 67 12 89 87 99 84 78 13 8 35 89 80 80 82
97 89 29 100 20 52 34 74 68 60 85 77 22 32 68 11 8 57 23 28 34 90 1 24 84 82 65 92 71 29 97 54 74 24 70 68 39 95 94 76 74 9 19 12 17 74 10 99 77 21 91 8 75 74 28 28 46 77 6 92 65 49 82 35 25 60 49 49 71 74 44 44 6 89 16 43 98 16 4 22 74 98 45 1 40 10 100 1 18 94 83 60 52 97 24 58 3 15
69 20 39 35 5 58 32 99 24 48 10 84 53 98 16 51 1 81 93 22 87 66 68 3 10 21 92 91 67 86 62 15 43 66 29 96 83 67 80 40 28 79 49 71 74 41 85 11 95 90 52 90 34 2 95 30 67 62 50 81 33 78 37 55 96 2 88 49 40 55
7 24 95 33 35 30 15 15
83 43 60 58 94 61 78 54 19 27 68 63 5 64 80 32 72 80 78 67 97 28 3 6 50 52 53 2 92 18 95 23 78 11 39 49 36 34 68 100 4 59 23 33 63 36 20 54 45 79 3 94 69 18 61 60 57 25 59 38 62 12 97 10 96 17 51 23 92 29 92 83 69 82 47 98 49 53 45 74 58 4 60 80
16 6 14 85 23 86 93 98 64 99 40 94 25 34 72 33 56
72 81 80 48 25 6 18 2 48 95 92 4 2 29 35 79 91 69 22 7 27 40 99 61 15 77 29 6 71 50 35 67 43 50 78 39 85 34 10 18 58 97 97 53 29 3 40 61 99 47 29 94 66 10 90 63 2 7 38 44 53 67 43 20 15 39 3 8 40 98 32 10 11
62 4 90 70 31 21 18 74 17 35 90 77 93 69 88 83 49 33 43 63 56 99 33 8 21 78 22 84 79 30 4 60 26 29 14 74 10 7 11 59 58 47 93 93 23 44 33 69 28 7 53 40 72 11 54 32 90 95 28 4 19 52 39
78 70 100 41 87 57 15 58 11 96 9 50 29 17 23 40 19 57 6 46 58 37 59 34 99 56 10 73 71 18 27 5 67 91 72 52 72 66 58 45 69 57 54 88 4 22 52 97 15 34 91 55 96 71 39 94 99 22 37 35 64 45 19 86 33 17 8 88 79 68 82 6 50 64 89 12 17 70 100
66 98 85 66 56 90 75 76 67 62 12 65 3 67 27 78 89 85 79 67 15 79 71 2 99 97 9 53 27 27 64 25 65 1 37 93 23 78 86 24 74 23 64 2 7 10 72 55 54 27 19 31 25 56 2 74 40 64 20 23 55 59 64 45 74 75 4
12 1 4 57 78 9 82 60 59 83 38 64 12
54 81 24 51 73 74 73 50 10 53 37 72 90 57 84 30 87 20 25 54 55 77 42 38 25 34 48 59 85 55 57 86 46 43 21 13 37 90 23 31 11 7 39 24 88 29 81 36 99 12 15 98 80 20 12
51 10 36 37 58 30 74 12 16 52 95 36 19 23 22 57 72 39 37 72 34 68 83 55 56 93 50 31 54 43 30 43 78 94 1 85 12 29 18 5 39 65 13 69 61 76 85 92 94 10 45 96
38 61 35 41 40 90 86 84 8 50 69 45 76 64 60 75 99 86 64 83 91 82 29 1 50 28 41 11 9 64 2 27 41 86 19 35 100 47 53
47 18 51 61 58 47 17 75 9 49 52 86 59 24 81 70 37 71 21 18 87 24 98 11 57 84 34 21 99 86 98 99 82 71 67 39 30 24 42 27 48 36 65 61 99 8 25 41
96 45 32 95 52 72 57 82 52 42 52 39 56 45 100 88 91 52 75 10 64 20 78 25 32 19 27 98 20 18 35 9 66 43 74 52 89 15 33 38 62 86 27 23 84 37 15 7 97 64 7 79 7 26 46 96 61 34 90 42 85 32 96 64 37 11 49 83 13 19 36 50 83 89 51 48 72 58 87 21 28 67 89 22 34 95 50 15 40 53 51 14 97 80 73 92 37
41 69 99 13 26 21 39 46 82 12 75 1 22 30 6 32 18 32 75 80 28 67 70 40 16 23 27 16 52 82 96 90 69 95 48 87 90 10 63 74 94 10
77 81 90 10 11 50 94 1 55 25 61 12 55 39 74 9 52 9 64 2 53 48 51 45 86 6 60 28 27 34 63 20 60 50 90 81 19 45 58 11 58 87 87 93 36 48 26 88 70 7 47 13 34 17 28 12 33 99 62 95 37 60 30 84 58 79 27 89 10 50 88 13 20 31 37 64 65 6
42 81 56 97 6 43 80 2 56 2 40 65 64 75 23 9 4 53 2 45 17 51 95 7 54 61 13 85 17 23 45 46 89 76 19 42 73 28 86 79 70 34 72
76 66 9 82 37 12 52 78 88 75 77 79 47 17 27 22 28 81 20 33 62 68 32 79 33 71 38 90 98 86 26 69 47 32 89 100 75 94 73 57 92 55 20 21 39 23 97 44 49 85 52 100 7 71 90 56 82 93 56 68 67 66 24 91 76 12 64 9 59 60 42 52 85 74 59 96 60
30 24 37 95 22 23 50 82 86 79 61 23 45 16 67 52 69 92 86 62 17 48 51 47 38 49 4 88 43 38 17
43 25 95 87 8 26 94 79 28 45 63 27 18 3 71 66 54 56 82 29 12 44 29 33 10 57 39 76 89 67 64 33 51 90 98 87 36 53 94 66 8 11 23 66
78 27 76 2 26 23 99 15 54 80 55 90 19 54 38 14 2 7 36 48 62 59 42 74 15 14 39 55 88 61 91 8 92 35 75 74 75 39 72 11 31 59 90 83 88 90 10 31 21 96 22 61 49 28 27 53 49 24 51 78 82 34 50 28 62 76 21 35 26 49 54 51 78 40 48 11 73 61 29
67 85 19 76 64 96 88 70 21 15 26 37 47 11 15 38 29 8 95 44 56 15 78 54 4 74 79 80 54 70 12 100 38 81 1 10 22 65 2 55 87 84 40 45 88 1 5 45 46 7 24 3 49 17 87 4 7 48 22 44 1 28 88 96 33 31 79 72
2 74 19
26 77 65 57 75 83 57 27 12 37 70 14 50 60 60 28 79 74 35 79 42 62 84 88 60 90 98
58 26 89 29 42 79 32 50 56 69 34 56 80 9 41 22 6 14 28 34 3 44 79 13 44 53 39 4 49 8 93 97 54 60 53 36 1 70 11 78 27 24 75 59 21 97 82 52 87 22 56 51 10 15 6 61 9 13 45
3 100 91 13
75 70 94 99 3 65 82 68 99 46 75 33 100 85 39 85 51 60 40 20 90 57 57 89 47 64 42 40 59 92 75 46 10 89 95 52 30 35 54 50 15 39 3 57 19 63 39 76 27 5 2 52 35 94 47 10 57 83 56 49 70 1 40 39 61 49 15 57 73 3 76 9 57 23 8 29
8 9 20 26 49 15 33 38 88
14 61 51 15 54 33 47 13 72 95 72 61 17 37 47
54 1 20 54 73 99 96 79 63 69 62 31 18 83 76 97 61 51 88 75 21 86 59 39 56 15 41 40 44 41 12 79 99 28 59 89 44 89 68 79 16 78 75 88 23 89 27 94 2 82 50 5 66 87 42
63 19 83 57 8 6 100 24 41 51 18 37 47 18 70 86 20 52 40 55 56 30 18 50 99 60 89 91 90 9 66 47 48 12 62 22 52 9 80 6 92 25 11 35 67 2 61 24 45 99 3 24 86 35 49 25 31 44 61 5 49 38 86 25
40 2 86 28 52 23 88 87 55 27 65 98 62 96 75 73 73 1 55 51 80 52 46 43 2 8 45 71 75 60 77 100 88 48 43 86 52 23 47 3 20
64 84 57 62 77 3 77 36 46 51 83 32 57 61 26 21 50 66 74 87 41 100 79 74 36 2 74 64 32 35 12 70 43 79 47 70 47 46 53 65 14 44 56 83 67 38 22 1 77 12 75 76 72 84 52 6 99 68 63 70 84 33 1 67 58
31 33 35 90 75 2 85 16 87 39 44 62 72 96 91 42 55 52 31 82 57 30 90 88 88 47 32 11 55 6 59 99
27 78 83 42 17 78 50 25 40 13 21 41 23 11 99 17 86 54 57 24 8 99 21 60 77 65 86 71
68 76 53 99 87 16 86 95 20 80 76 54 56 100 14 25 31 28 76 29 7 7 29 41 37 18 86 76 10 7 79 52 86 93 68 11 1 52 9 75 1 30 86 43 24 54 83 85 41 78 65 63 45 1 51 83 57 59 52 97 83 23 31 45 39 65 38 61 54
60 65 23 67 3 80 74 20 79 23 19 86 47 26 90 49 25 73 67 71 66 64 90 61 89 81 66 49 10 82 40 96 86 60 43 17 89 94 38 5 90 64 8 50 22 100 70 89 100 5 56 61 72 20 89 19 79 79 38 27 48
52 65 6 25 84 83 90 76 95 42 26 73 85 68 60 82 70 82 36 9 8 1 100 69 61 20 49 13 62 42 76 63 99 59 8 14 65 64 33 16 43 23 2 88 82 11 41 76 64 69 90 15 61
18 4 7 94 13 1 8 75 19 16 81 71 75 2 18 37 29 79 21
4 63 30 96 63
51 87 77 9 4 38 93 98 26 5 20 51 21 29 59 84 58 60 5 61 4 74 31 90 21 68 72 71 84 33 56 75 27 93 22 87 55 94 35 34 2 59 79 3 54 9 22 38 15 60 2 2
16 79 62 46 38 87 100 29 40 38 85 33 43 74 44 83 77
54 95 88 76 9 23 84 26 34 65 9 1 25 41 63 36 97 43 17 56 77 45 76 90 54 1 88 30 11 24 74 29 20 60 30 36 39 89 68 66 17 23 49 94 51 79 79 3 89 69 18 20 69 19 50
71 76 50 76 32 35 12 27 36 2 36 34 12 96 48 54 46 54 88 63 10 25 56 82 49 96 79 10 64 25 94 6 41 75 43 53 21 77 48 28 91 31 74 58 38 26 60 35 48 50 100 56 35 66 7 45 91 95 98 81 17 22 45 15 42 21 43 99 86 19 25 67
85 39 53 66 4 100 67 75 54 67 49 12 53 91 95 60 27 60 41 2 76 59 90 23 96 13 58 5 88 30 58 26 66 57 100 77 12 42 40 86 47 45 3 28 56 20 33 6 63 98 22 53 34 94 19 75 12 1 3 5 100 2 75 6 68 89 100 14 28 40 69 1 34 31 42 98 13 70 90 49 35 16 84 71 46 34
15 30 84 91 99 91 72 6 10 71 28 74 18 56 83 99
83 96 5 32 3 42 23 18 45 10 18 57 65 64 12 85 56 64 65 53 58 38 95 100 56 75 22 58 54 20 86 23 15 8 14 61 92 67 17 35 77 90 13 49 94 1 19 95 91 29 4 45 20 3 7 2 44 35 79 81 7 9 55 53 32 73 81 74 18 58 71 99 20 44 16 60 42 51 86 92 87 19 28 87
88 4 86 46 33 36 84 15 99 55 86 66 39 85 60 58 42 72 34 18 32 90 68 11 70 34 36 24 98 7 65 62 33 63 37 3 91 99 53 98 3 69 38 42 64 38 93 97 45 51 92 62 88 88 99 80 59 2 67 75 43 12 89 42 51 23 68 62 21 66 2 57 44 35 77 33 76 5 91 39 20 46 28 51 95 41 74 98 68
79 7 77 78 34 22 64 28 83 91 65 96 64 60 70 42 76 90 30 92 50 38 55 24 89 4 7 32 5 21 4 93 33 77 76 28 39 37 20 22 30 44 32 54 68 23 90 75 52 86 28 47 58 91 51 58 76 19 95 11 67 5 54 20 36 98 80 5 50 92 19 74 15 78 48 79 33 39 17 25
30 19 40 19 99 80 54 50 65 82 43 85 67 76 2 50 24 52 15 3 57 89 63 65 64 73 21 27 55 96 76
24 56 18 66 47 27 39 18 67 56 48 13 25 48 21 50 95 39 17 41 31 7 16 42 39
75 74 72 63 71 60 29 11 19 22 5 39 48 54 4 80 96 51 48 80 58 86 27 33 85 98 72 45 43 73 67 79 74 86 74 29 92 6 52 37 28 81 21 89 35 2 6 42 2 54 65 9 72 34 65 22 69 35 4 49 59 99 10 62 95 42 40 23 58 76 19 80 68 67 34 100
52 81 44 32 88 90 23 16 12 49 33 69 77 28 29 17 14 61 3 42 51 89 48 92 60 81 20 46 14 2 63 90 46 42 20 12 78 41 79 84 25 57 16 40 39 91 44 26 56 55 76 5 64
68 11 49 63 2 66 84 75 54 69 26 15 93 38 85 61 56 95 55 99 1 32 38 94 25 27 14 52 7 24 53 62 60 71 63 19 73 37 94 83 31 12 47 88 30 63 99 87 90 14 8 82 38 12 22 43 43 38 27 80 24 90 3 75 10 62 31 83 85
52 45 67 70 34 35 41 10 29 44 77 32 58 49 63 50 59 18 79 98 62 46 28 21 69 88 38 35 46 91 39 68 74 88 62 88 19 66 39 14 6 35 93 51 35 6 52 68 83 78 57 97 17
45 67 90 90 48 66 10 45 75 77 98 3 1 67 100 41 18 11 26 100 55 90 74 50 51 14 33 75 53 44 57 76 59 80 61 4 59 89 41 78 44 71 73 13 59 18
98 78 19 42 49 57 26 46 39 73 77 50 23 25 11 87 68 32 76 93 52 30 31 59 2 3 31 43 73 59 20 61 8 26 21 99 84 41 20 51 80 66 99 76 75 88 54 13 16 38 26 38 56 34 50 19 67 74 12 83 9 47 30 2 9 33 48 56 50 96 35 71 8 75 83 31 57 4 57 11 26 21 17 90 91 31 77 100 66 1 5 49 94 82 52 46 66 20 49
73 38 62 27 24 77 31 72 39 55 17 41 72 78 55 29 53 41 54 15 5 74 1 12 18 65 81 59 33 10 31 84 81 84 26 88 52 5 18 52 61 60 63 19 56 15 5 40 68 48 59 44 65 93 40 21 100 90 11 11 36 75 23 88 53 54 95 42 58 36 1 1 45 13
1 63
1 92
31 53 64 25 71 36 95 69 37 81 68 71 70 100 42 67 96 88 10 64 73 83 7 38 66 58 85 98 53 49 21 27
34 6 39 5 3 78 51 30 99 61 3 72 73 75 73 51 94 8 97 30 24 3 12 61 19 100 34 46 75 63 50 96 99 4 27
77 53 71 49 72 29 39 24 84 70 46 79 28 74 18 56 67 65 98 28 66 29 23 77 69 62 35 13 16 46 35 82 62 7 100 44 78 8 92 55 72 61 81 30 94 76 69 85 78 2 71 6 79 83 83 82 32 4 90 17 32 33 97 7 22 18 79 60 35 92 6 97 42 53 25 100 31 30
17 79 69 90 75 62 2 61 66 17 46 68 82 1 71 82 57 87
89 5 72 45 7 97 55 5 87 56 51 53 18 43 20 95 100 20 94 53 13 76 22 13 59 51 69 94 15 84 21 42 2 42 85 24 34 77 20 12 57 93 25 16 20 89 59 60 98 39 100 65 84 16 77 28 64 14 31 68 24 18 88 75 34 61 36 5 46 35 36 43 62 30 69 97 9 24 70 31 15 1 64 63 39 44 96 49 65 10
42 82 52 28 57 2 93 41 23 26 75 20 100 73 95 76 28 7 86 85 73 48 47 75 35 38 2 12 23 8 18 63 25 74 79 7 13 27 88 42 62 56 52
24 82 38 75 66 61 8 43 27 85 49 64 50 52 86 43 76 24 12 44 33 60 43 97 15
79 63 15 68 12 57 34 66 52 78 62 63 79 27 65 22 59 66 29 11 79 85 35 7 51 8 72 85 32 94 61 20 3 85 92 87 49 8 30 62 43 58 49 82 62 76 86 90 51 99 44 34 7 44 6 93 80 39 25 84 78 64 8 81 97 37 5 40 11 35 7 16 27 15 12 74 59 43 29 78
5 76 68 34 13 93
73 2 4 4 78 18 48 89 34 33 18 73 15 35 23 12 15 80 31 16 60 78 22 2 68 93 79 35 63 1 90 68 63 95 8 13 16 69 12 28 39 9 13 9 49 14 92 45 31 50 95 95 94 58 55 64 99 85 19 8 7 77 20 63 28 8 80 64 47 13 58 42 3 33
24 33 97 18 15 16 58 21 32 2 43 56 69 58 99 2 55 56 1 86 7 49 82 15 24
47 5 57 48 45 39 54 58 42 91 67 66 60 62 20 5 63 2 44 71 53 58 55 38 81 69 92 99 56 87 62 20 24 44 31 99 29 76 76 5 5 38 50 18 48 66 50 37
97 2 16 36 77 18 30 91 44 26 10 5 50 20 49 2 71 65 32 23 45 74 27 20 29 7 64 65 60 30 67 92 10 63 4 40 39 26 23 35 63 81 33 87 15 56 81 64 32 21 72 80 86 80 99 90 19 42 10 74 21 70 53 63 40 80 41 10 97 3 82 12 47 53 51 55 30 37 49 1 22 23 1 39 24 10 90 67 20 76 58 54 53 48 22 51 96 79
97 72 51 32 65 64 91 77 4 32 94 15 94 47 83 53 88 1 29 84 46 52 61 50 82 71 100 92 9 44 74 9 61 33 53 40 43 31 43 20 11 21 62 99 75 96 70 64 13 50 30 38 10 31 71 15 6 67 23 71 47 64 1 56 90 25 15 1 67 63 35 71 63 92 66 17 69 5 81 15 59 83 92 19 81 6 4 33 54 14 82 77 69 62 59 2 25 100
83 96 39 33 9 94 75 82 41 15 46 43 9 40 69 60 62 50 99 54 61 13 13 18 93 56 53 7 64 86 9 53 26 83 81 41 31 27 85 76 6 11 84 16 31 26 1 35 31 74 43 65 72 22 93 26 47 45 43 31 96 22 83 91 23 79 91 88 35 7 95 67 20 26 8 9 23 58 2 83 39 32 75 31
42 25 54 67 58 45 32 51 82 61 42 48 17 75 26 11 5 84 7 20 30 69 5 88 20 62 67 32 49 35 64 2 75 61 82 20 42 30 56 37 43 7 98
42 78 18 9 76 88 29 94 17 25 21 46 66 68 35 95 14 38 23 69 86 26 69 70 37 7 24 90 67 22 61 96 19 95 53 47 81 57 68 85 46 100 78
76 86 29 31 95 72 58 97 61 69 70 71 71 90 94 20 52 25 78 65 9 80 32 43 76 72 49 60 74 84 20 68 7 66 77 74 65 56 61 7 81 4 53 60 26 51 25 93 24 77 45 61 75 19 97 58 52 75 9 56 32 65 90 42 66 18 41 46 78 57 85 93 5 20 48 69 19
10 7 15 14 61 45 78 99 83 37 31
26 56 25 38 33 29 4 79 63 51 28 88 44 37 67 66 59 46 16 7 17 53 32 54 60 96 54
24 11 38 27 27 59 15 77 8 51 48 18 50 44 38 19 87 42 62 57 16 9 52 75 30
45 11 87 5 85 50 93 13 49 79 25 36 21 41 28 34 39 80 18 65 86 53 93 38 46 68 34 72 35 23 32 39 87 29 2 73 56 12 14 14 2 65 49 68 31 4
12 38 52 60 48 57 31 98 24 1 4 4 26
53 92 56 13 29 32 95 55 13 3 81 14 86 85 83 32 15 90 60 92 92 94 52 63 38 99 27 51 77 33 78 35 28 81 80 56 99 30 66 84 74 35 60 48 27 17 22 79 20 53 20 91 29 77
57 5 44 81 54 58 47 61 66 50 47 56 58 75 51 28 57 99 57 14 30 19 45 44 31 6 49 91 67 69 15 64 90 17 39 99 16 64 13 20 57 46 30 60 50 60 90 27 72 88 83 11 27 89 79 43 47 72
15 94 82 27 11 74 62 2 23 61 72 35 63 57 90 32
65 77 17 17 8 34 21 82 81 57 59 99 78 45 10 40 70 68 20 81 67 34 100 15 13 77 80 43 81 4 11 68 67 79 4 53 57 33 80 22 11 93 35 10 92 46 66 19 49 1 15 58 80 73 56 88 62 1 26 2 89 37 83 25 28 41
41 67 49 72 21 47 38 26 16 91 63 71 78 53 97 38 94 48 63 76 4 27 6 43 21 45 60 50 38 75 19 42 31 37 80 57 30 50 22 6 36 86
